1.0	0.0	0.0	-0.9623680710792542	0.0	1.0	0.0	-0.30919158458709717	0.0	0.0	1.0	2.9519715309143066	0.0	0.0	0.0	1.0
0.9961946982682389	-0.0	-0.08715574073032861	-0.9623680710792542	0.0	0.9999999999999999	-0.0	-0.30919158458709717	0.08715574073032861	0.0	0.9961946982682389	2.9519715309143066	0.0	0.0	0.0	1.0
0.9848077531002408	-0.0	-0.17364817716767306	-0.9623680710792542	0.0	1.0000000000000002	-0.0	-0.30919158458709717	0.17364817716767306	0.0	0.9848077531002408	2.9519715309143066	0.0	0.0	0.0	1.0
0.9659258316218277	-0.0	-0.25881902520039096	-0.9623680710792542	0.0	0.9999999999999999	-0.0	-0.30919158458709717	0.25881902520039096	0.0	0.9659258316218277	2.9519715309143066	0.0	0.0	0.0	1.0
0.93969262448596	-0.0	-0.3420201331598604	-0.9623680710792542	0.0	1.0	-0.0	-0.30919158458709717	0.3420201331598604	0.0	0.93969262448596	2.9519715309143066	0.0	0.0	0.0	1.0
0.9063077933127555	-0.0	-0.4226182482815481	-0.9623680710792542	0.0	1.0000000000000002	-0.0	-0.30919158458709717	0.4226182482815481	0.0	0.9063077933127555	2.9519715309143066	0.0	0.0	0.0	1.0
0.8660253883290534	-0.0	-0.5000000267695114	-0.9623680710792542	0.0	1.0	-0.0	-0.30919158458709717	0.5000000267695114	0.0	0.8660253883290534	2.9519715309143066	0.0	0.0	0.0	1.0
0.8191520362026039	-0.0	-0.5735764478996047	-0.9623680710792542	0.0	1.0	-0.0	-0.30919158458709717	0.5735764478996047	0.0	0.8191520362026039	2.9519715309143066	0.0	0.0	0.0	1.0
0.7660444185289921	-0.0	-0.6427876389917426	-0.9623680710792542	0.0	1.0000000000000002	-0.0	-0.30919158458709717	0.6427876389917426	0.0	0.7660444185289921	2.9519715309143066	0.0	0.0	0.0	1.0
0.7071068129364553	-0.0	-0.7071067494366384	-0.9623680710792542	0.0	1.0	-0.0	-0.30919158458709717	0.7071067494366384	0.0	0.7071068129364553	2.9519715309143066	0.0	0.0	0.0	1.0
0.6427876174094395	-0.0	-0.7660444366386953	-0.9623680710792542	0.0	0.9999999999999999	-0.0	-0.30919158458709717	0.7660444366386953	0.0	0.6427876174094395	2.9519715309143066	0.0	0.0	0.0	1.0
0.5735764419101737	-0.0	-0.8191520403964487	-0.9623680710792542	0.0	1.0	-0.0	-0.30919158458709717	0.8191520403964487	0.0	0.5735764419101737	2.9519715309143066	0.0	0.0	0.0	1.0
0.4999999487509984	-0.0	-0.8660254333730614	-0.9623680710792542	0.0	0.9999999999999999	-0.0	-0.30919158458709717	0.8660254333730614	0.0	0.4999999487509984	2.9519715309143066	0.0	0.0	0.0	1.0
0.42261816429975646	-0.0	-0.9063078324741014	-0.9623680710792542	0.0	1.0	-0.0	-0.30919158458709717	0.9063078324741014	0.0	0.42261816429975646	2.9519715309143066	0.0	0.0	0.0	1.0
0.3420200439022877	-0.0	-0.9396926569730536	-0.9623680710792542	0.0	0.9999999999999999	-0.0	-0.30919158458709717	0.9396926569730536	0.0	0.3420200439022877	2.9519715309143066	0.0	0.0	0.0	1.0
0.2588189978133274	-0.0	-0.965925838960168	-0.9623680710792542	0.0	0.9999999999999999	-0.0	-0.30919158458709717	0.965925838960168	0.0	0.2588189978133274	2.9519715309143066	0.0	0.0	0.0	1.0
0.17364820781723544	-0.0	-0.9848077476958955	-0.9623680710792542	0.0	1.0000000000000002	-0.0	-0.30919158458709717	0.9848077476958955	0.0	0.17364820781723544	2.9519715309143066	0.0	0.0	0.0	1.0
0.08715579847029697	-0.0	-0.9961946932166444	-0.9623680710792542	0.0	0.9999999999999997	-0.0	-0.30919158458709717	0.9961946932166444	0.0	0.08715579847029697	2.9519715309143066	0.0	0.0	0.0	1.0
8.429369502405137e-08	-0.0	-0.9999999999999963	-0.9623680710792542	0.0	0.9999999999999999	-0.0	-0.30919158458709717	0.9999999999999963	0.0	8.429369502405137e-08	2.9519715309143066	0.0	0.0	0.0	1.0
-0.08715563068428267	-0.0	-0.9961947078960142	-0.9623680710792542	0.0	1.0	-0.0	-0.30919158458709717	0.9961947078960142	0.0	-0.08715563068428267	2.9519715309143066	0.0	0.0	0.0	1.0
-0.17364804242284976	-0.0	-0.984807776859379	-0.9623680710792542	0.0	1.0000000000000002	-0.0	-0.30919158458709717	0.984807776859379	0.0	-0.17364804242284976	2.9519715309143066	0.0	0.0	0.0	1.0
-0.25881885761880646	-0.0	-0.9659258765251586	-0.9623680710792542	0.0	1.0	-0.0	-0.30919158458709717	0.9659258765251586	0.0	-0.25881885761880646	2.9519715309143066	0.0	0.0	0.0	1.0
-0.34201997965019604	-0.0	-0.9396926803588924	-0.9623680710792542	0.0	1.0	-0.0	-0.30919158458709717	0.9396926803588924	0.0	-0.34201997965019604	2.9519715309143066	0.0	0.0	0.0	1.0
-0.4226181062497342	-0.0	-0.9063078595432614	-0.9623680710792542	0.0	0.9999999999999998	-0.0	-0.30919158458709717	0.9063078595432614	0.0	-0.4226181062497342	2.9519715309143066	0.0	0.0	0.0	1.0
-0.4999998077248887	-0.0	-0.8660255147944976	-0.9623680710792542	0.0	1.0	-0.0	-0.30919158458709717	0.8660255147944976	0.0	-0.4999998077248887	2.9519715309143066	0.0	0.0	0.0	1.0
-0.573576223586004	-0.0	-0.8191521932686368	-0.9623680710792542	0.0	0.9999999999999998	-0.0	-0.30919158458709717	0.8191521932686368	0.0	-0.573576223586004	2.9519715309143066	0.0	0.0	0.0	1.0
-0.6427874132887333	-0.0	-0.7660446079162619	-0.9623680710792542	0.0	1.0000000000000002	-0.0	-0.30919158458709717	0.7660446079162619	0.0	-0.6427874132887333	2.9519715309143066	0.0	0.0	0.0	1.0
-0.7071065793047675	-0.0	-0.7071069830682702	-0.9623680710792542	0.0	1.0000000000000002	-0.0	-0.30919158458709717	0.7071069830682702	0.0	-0.7071065793047675	2.9519715309143066	0.0	0.0	0.0	1.0
-0.7660442221032479	-0.0	-0.6427878730827375	-0.9623680710792542	0.0	0.9999999999999999	-0.0	-0.30919158458709717	0.6427878730827375	0.0	-0.7660442221032479	2.9519715309143066	0.0	0.0	0.0	1.0
-0.8191518526140972	-0.0	-0.5735767100910675	-0.9623680710792542	0.0	1.0	-0.0	-0.30919158458709717	0.5735767100910675	0.0	-0.8191518526140972	2.9519715309143066	0.0	0.0	0.0	1.0
-0.866025228968024	-0.0	-0.5000003027907893	-0.9623680710792542	0.0	0.9999999999999997	-0.0	-0.30919158458709717	0.5000003027907893	0.0	-0.866025228968024	2.9519715309143066	0.0	0.0	0.0	1.0
-0.9063076348510253	-0.0	-0.42261858810367126	-0.9623680710792542	0.0	1.0	-0.0	-0.30919158458709717	0.42261858810367126	0.0	-0.9063076348510253	2.9519715309143066	0.0	0.0	0.0	1.0
-0.9396924939900831	-0.0	-0.342020491694134	-0.9623680710792542	0.0	0.9999999999999999	-0.0	-0.30919158458709717	0.342020491694134	0.0	-0.9396924939900831	2.9519715309143066	0.0	0.0	0.0	1.0
-0.9659257358255285	-0.0	-0.2588193827168121	-0.9623680710792542	0.0	1.0000000000000002	-0.0	-0.30919158458709717	0.2588193827168121	0.0	-0.9659257358255285	2.9519715309143066	0.0	0.0	0.0	1.0
-0.9848076938127857	-0.0	-0.1736485134032039	-0.9623680710792542	0.0	1.0	-0.0	-0.30919158458709717	0.1736485134032039	0.0	-0.9848076938127857	2.9519715309143066	0.0	0.0	0.0	1.0
-0.9961946682304647	-0.0	-0.08715608406298225	-0.9623680710792542	0.0	0.9999999999999997	-0.0	-0.30919158458709717	0.08715608406298225	0.0	-0.9961946682304647	2.9519715309143066	0.0	0.0	0.0	1.0
-0.9999999999999395	-0.0	-3.4813101024154864e-07	-0.9623680710792542	0.0	1.0	-0.0	-0.30919158458709717	3.4813101024154864e-07	0.0	-0.9999999999999395	2.9519715309143066	0.0	0.0	0.0	1.0
-0.9961947287590907	0.0	0.0871553922175897	-0.9623680710792542	-0.0	1.0	0.0	-0.30919158458709717	-0.0871553922175897	-0.0	-0.9961947287590907	2.9519715309143066	0.0	0.0	0.0	1.0
-0.9848078149652907	0.0	0.17364782631317371	-0.9623680710792542	-0.0	1.0000000000000002	0.0	-0.30919158458709717	-0.17364782631317371	-0.0	-0.9848078149652907	2.9519715309143066	0.0	0.0	0.0	1.0
-0.9659259197705795	0.0	0.25881869622451936	-0.9623680710792542	-0.0	1.0	0.0	-0.30919158458709717	-0.25881869622451936	-0.0	-0.9659259197705795	2.9519715309143066	0.0	0.0	0.0	1.0
-0.9396927449435786	0.0	0.34201980220508055	-0.9623680710792542	-0.0	1.0	0.0	-0.30919158458709717	-0.34201980220508055	-0.0	-0.9396927449435786	2.9519715309143066	0.0	0.0	0.0	1.0
-0.9396927449435786	0.0	0.34201980220508055	-1.0307719707489014	-0.0	1.0	0.0	-0.30919158458709717	-0.34201980220508055	-0.0	-0.9396927449435786	3.1399099826812744	0.0	0.0	0.0	1.0
-0.9396927449435786	0.0	0.34201980220508055	-1.0991759300231934	-0.0	1.0	0.0	-0.30919158458709717	-0.34201980220508055	-0.0	-0.9396927449435786	3.327848434448242	0.0	0.0	0.0	1.0
-0.9396927449435786	0.0	0.34201980220508055	-1.1675798892974854	-0.0	1.0	0.0	-0.30919158458709717	-0.34201980220508055	-0.0	-0.9396927449435786	3.51578688621521	0.0	0.0	0.0	1.0
-0.9396927449435786	0.0	0.34201980220508055	-1.2359838485717773	-0.0	1.0	0.0	-0.30919158458709717	-0.34201980220508055	-0.0	-0.9396927449435786	3.7037253379821777	0.0	0.0	0.0	1.0
-0.9396927449435786	0.0	0.34201980220508055	-1.3043878078460693	-0.0	1.0	0.0	-0.30919158458709717	-0.34201980220508055	-0.0	-0.9396927449435786	3.8916637897491455	0.0	0.0	0.0	1.0
-0.9396927449435786	0.0	0.34201980220508055	-1.3727917671203613	-0.0	1.0	0.0	-0.30919158458709717	-0.34201980220508055	-0.0	-0.9396927449435786	4.079602241516113	0.0	0.0	0.0	1.0
-0.9396927449435786	0.0	0.34201980220508055	-1.4411957263946533	-0.0	1.0	0.0	-0.30919158458709717	-0.34201980220508055	-0.0	-0.9396927449435786	4.26754093170166	0.0	0.0	0.0	1.0
-0.9396927449435786	0.0	0.34201980220508055	-1.5095996856689453	-0.0	1.0	0.0	-0.30919158458709717	-0.34201980220508055	-0.0	-0.9396927449435786	4.455479621887207	0.0	0.0	0.0	1.0
-0.9396927449435786	0.0	0.34201980220508055	-1.5780036449432373	-0.0	1.0	0.0	-0.30919158458709717	-0.34201980220508055	-0.0	-0.9396927449435786	4.643418312072754	0.0	0.0	0.0	1.0
-0.9396927449435786	0.0	0.34201980220508055	-1.6464076042175293	-0.0	1.0	0.0	-0.30919158458709717	-0.34201980220508055	-0.0	-0.9396927449435786	4.831357002258301	0.0	0.0	0.0	1.0
-0.9396927453939883	-0.029808989404067975	0.34071831239987277	-1.6464076042175293	9.55543335429132e-11	0.9961946981670065	0.08715574188742017	-0.30919158458709717	-0.34201980096758894	0.0818996184035968	-0.9361169308646415	4.831357002258301	0.0	0.0	0.0	1.0
-0.9396927442538663	-0.059391114504621756	0.33682375497363204	-1.6464076042175293	1.4179434466854435e-09	0.9848077529560986	0.17364817798514484	-0.30919158458709717	-0.3420198041000526	0.16317593338314154	-0.9254166998535862	4.831357002258301	0.0	0.0	0.0	1.0
-0.9396927432098153	-0.08852122743419272	0.3303657679790021	-1.6464076042175293	-4.861401906031126e-10	0.9659258363583717	0.2588190075233657	-0.30919158458709717	-0.34201980696856127	0.2432103430138693	-0.9076734989478673	4.831357002258301	0.0	0.0	0.0	1.0
-0.939692746371738	-0.11697765747144229	0.3213934816837992	-1.6464076042175293	-1.311759520450373e-10	0.9396926240558697	0.34202013434152423	-0.30919158458709717	-0.34201979828124085	0.32139383931165855	-0.8830223426596698	4.831357002258301	0.0	0.0	0.0	1.0
-0.9396927514038085	-0.14454380706096417	0.3099751938453505	-1.6464076042175293	-6.609213898389754e-09	0.9063077943381488	0.42261824608258397	-0.30919158458709717	-0.34201978445572384	0.39713130040610284	-0.8516508658356532	4.831357002258301	0.0	0.0	0.0	1.0
-0.9396927484074796	-0.1710099087833923	0.2961978218831004	-1.6464076042175293	-1.4179562524141431e-09	0.8660253847339557	0.5000000329964026	-0.30919158458709717	-0.3420197926880797	0.4698464047902246	-0.8137977742137804	4.831357002258301	0.0	0.0	0.0	1.0
-0.9659259229757603	-0.12940934691571118	0.22414355278319836	-1.6464076042175293	-6.229909199628736e-09	0.8660254047369792	0.49999999835015096	-0.30919158458709717	-0.25881868426260357	0.4829629584978543	-0.8365163891972317	4.831357002258301	0.0	0.0	0.0	1.0
-0.9848078132033586	-0.0868239216637297	0.15038343552582317	-1.6464076042175293	-1.5783369333721708e-09	0.8660253965867968	0.5000000124666814	-0.30919158458709717	-0.17364783630560698	0.4924039186416087	-0.852868577128252	4.831357002258301	0.0	0.0	0.0	1.0
-0.9961947285172422	-0.0435776998562781	0.07547878476561606	-1.6464076042175293	7.729726234084744e-10	0.8660253836981681	0.5000000347904392	-0.30919158458709717	-0.08715539498194047	0.49809739897501626	-0.8627299219685528	4.831357002258301	0.0	0.0	0.0	1.0
-0.999999999999941	1.7205672370997152e-07	-2.980109564258234e-07	-1.6464076042175293	4.7750333877724264e-15	0.8660253883290537	0.5000000267695115	-0.30919158458709717	3.441134207258465e-07	0.500000026769482	-0.8660253883290024	4.831357002258301	0.0	0.0	0.0	1.0
-0.9961946682623232	0.04357804259841746	-0.0754793821451269	-1.6464076042175293	-3.0832454644968976e-10	0.8660253970607669	0.5000000116457407	-0.30919158458709717	0.0871560836988422	0.4980973457558586	-0.8627298831182614	4.831357002258301	0.0	0.0	0.0	1.0
-0.984807694066834	0.08682426132717164	-0.15038401960233644	-1.6464076042175293	-1.68091296437467e-09	0.8660253812436249	0.5000000390418327	-0.30919158458709717	0.17364851196242626	0.4924038857348967	-0.8528684585599411	4.831357002258301	0.0	0.0	0.0	1.0
-0.9659257446995545	0.12940968566952474	-0.22414412546735485	-1.6464076042175293	5.202817426885886e-09	0.8660253892446544	0.5000000251836438	-0.30919158458709717	0.2588193495985385	0.4829628955091264	-0.8365162197081596	4.831357002258301	0.0	0.0	0.0	1.0
-0.9396925091593588	0.17101023958793954	-0.2961983899109912	-1.6464076042175293	3.889127617173749e-09	0.8660253845160882	0.5000000333737603	-0.30919158458709717	0.34202045001693687	0.4698462847887987	-0.8137975672367023	4.831357002258301	0.0	0.0	0.0	1.0
-0.9063076551228616	0.21130928978311908	-0.3659983856754757	-1.6464076042175293	-3.1263442806794828e-09	0.8660253765689724	0.5000000471385677	-0.30919158458709717	0.42261854463061654	0.4531538714277125	-0.7848854276544929	4.831357002258301	0.0	0.0	0.0	1.0
-0.8660252610025122	0.2500001422385865	-0.4330129053344912	-1.6464076042175293	-2.4381826557728914e-09	0.866025380211828	0.5000000408289568	-0.30919158458709717	0.5000002473054693	0.4330126669159286	-0.7499998553232022	4.831357002258301	0.0	0.0	0.0	1.0
-0.8191519091146987	0.28678832859546377	-0.4967319240547807	-1.6464076042175293	4.505539080712495e-09	0.866025393014788	0.5000000186535813	-0.30919158458709717	0.5735766293998947	0.4095759675994211	-0.709406355322007	4.831357002258301	0.0	0.0	0.0	1.0
-0.7660442964175285	0.32139391052827226	-0.5566705400876888	-1.6464076042175293	1.8327472872670114e-10	0.8660253874844508	0.5000000282324065	-0.30919158458709717	0.6427877845184786	0.3830221697340145	-0.663413808694147	4.831357002258301	0.0	0.0	0.0	1.0
-0.7071066009911122	0.3535534966990893	-0.6123725825072861	-1.6464076042175293	3.0134200690312696e-09	0.866025392220575	0.500000020029199	-0.30919158458709717	0.7071069613819367	0.35355331281299907	-0.6123722725304908	4.831357002258301	0.0	0.0	0.0	1.0
-0.642787385637642	0.38302233210995307	-0.6634141014254812	-1.6464076042175293	5.720429352429335e-09	0.8660253937104703	0.5000000174486254	-0.30919158458709717	0.7660446311182697	0.3213937002395637	-0.5566702009100148	4.831357002258301	0.0	0.0	0.0	1.0
-0.5735761660113116	0.40957614870537673	-0.7094066254239775	-1.6464076042175293	-8.145422447647377e-09	0.8660253784392825	0.5000000438990955	-0.30919158458709717	0.8191522335828452	0.28678811396354736	-0.49673151289752815	4.831357002258301	0.0	0.0	0.0	1.0
-0.4999996901385192	0.43301281830132476	-0.7500001393654063	-1.6464076042175293	-1.1520638942830175e-08	0.866025382485497	0.5000000368908473	-0.30919158458709717	0.8660255826829741	0.24999987215515257	-0.4330124179062568	4.831357002258301	0.0	0.0	0.0	1.0
-0.4226178824103657	0.45315400846364406	-0.7848857051063612	-1.6464076042175293	-5.830478516655191e-09	0.8660253855416611	0.5000000315974162	-0.30919158458709717	0.906307963921193	0.21130895913507525	-0.3659978119091325	4.831357002258301	0.0	0.0	0.0	1.0
-0.34201978734643085	0.4698463907352941	-0.8137977845733664	-1.6464076042175293	-8.79791509089678e-09	0.866025392623571	0.5000000193311889	-0.30919158458709717	0.9396927503516785	0.1710099074445883	-0.2961978164880544	4.831357002258301	0.0	0.0	0.0	1.0
-0.2588187191976519	0.48296297562064	-0.8365163685024606	-1.6464076042175293	-6.993789880560541e-09	0.8660253916025042	0.5000000210997293	-0.30919158458709717	0.9659259136149558	0.12940937091025057	-0.22414357926946354	4.831357002258301	0.0	0.0	0.0	1.0
-0.1736478013547147	0.49240393669402605	-0.8528685738218396	-1.6464076042175293	-2.5088373878379144e-09	0.8660253877278914	0.5000000278107541	-0.30919158458709717	0.9848078193661305	0.08682390764634226	-0.15038340326095123	4.831357002258301	0.0	0.0	0.0	1.0
-0.08715534338562231	0.49809740568510186	-0.8627299233068858	-1.6464076042175293	-1.8221135600349214e-08	0.8660253802864974	0.5000000406996252	-0.30919158458709717	0.9961947330313153	0.043577690959919896	-0.07547873032363356	4.831357002258301	0.0	0.0	0.0	1.0
3.4750263655514146e-07	0.5000000381579317	-0.8660253817538757	-1.6464076042175293	-5.845805173265717e-09	0.866025381753929	0.5000000381579601	-0.30919158458709717	0.9999999999999396	-1.6868871591246837e-07	3.0386900629064684e-07	4.831357002258301	0.0	0.0	0.0	1.0
0.0871560350872228	0.49809737586874636	-0.8627298706434963	-1.6464076042175293	6.5406519367261495e-09	0.866025380541486	0.500000040257973	-0.30919158458709717	0.9961946725153046	-0.04357802669515248	0.0754793351950177	4.831357002258301	0.0	0.0	0.0	1.0
0.17364848319676857	0.49240387746293257	-0.852868469192601	-1.6464076042175293	-9.13827827297986e-09	0.8660253882373872	0.5000000269282817	-0.30919158458709717	0.9848076991390051	-0.08682423848069021	0.15038399957703857	4.831357002258301	0.0	0.0	0.0	1.0
0.2588193170691883	0.48296291310877587	-0.8365162196116249	-1.6464076042175293	1.4184709240527837e-08	0.8660253801266149	0.5000000409765506	-0.30919158458709717	0.9659257534157784	-0.12940968100585634	0.22414409059826618	4.831357002258301	0.0	0.0	0.0	1.0
0.34202039264768874	0.4698462858572112	-0.813797590730831	-1.6464076042175293	-2.0381526188995025e-09	0.866025391352923	0.5000000215320168	-0.30919158458709717	0.9396925300400771	-0.1710102020295895	0.29619834535101336	4.831357002258301	0.0	0.0	0.0	1.0
0.4226184434359884	0.4531538597857596	-0.7848854888638284	-1.6464076042175293	1.9805069889633486e-08	0.8660253936689374	0.5000000175205617	-0.30919158458709717	0.9063077023107231	-0.21130924466721865	0.36599829487366153	4.831357002258301	0.0	0.0	0.0	1.0
0.5000002715217737	0.4330126530910332	-0.7499998471607958	-1.6464076042175293	2.2741092342570823e-10	0.8660253839985017	0.5000000342702465	-0.30919158458709717	0.8660252470212129	-0.2500001530665775	0.43301292704552735	4.831357002258301	0.0	0.0	0.0	1.0
0.5735767053046003	0.409575966182101	-0.7094062947690264	-1.6464076042175293	-2.9296561843139557e-09	0.8660253778867	0.500000044856197	-0.30919158458709717	0.8191518559656202	-0.2867883763024532	0.49673198415834136	4.831357002258301	0.0	0.0	0.0	1.0
0.6427878090612654	0.38302214814138913	-0.6634137973809209	-1.6464076042175293	-1.915138769792435e-09	0.8660253968781527	0.5000000119620377	-0.30919158458709717	0.7660442758236745	-0.32139391094915526	0.5566705681842613	4.831357002258301	0.0	0.0	0.0	1.0
0.7071069910529174	0.3535532953966437	-0.6123722483247122	-1.6464076042175293	1.0645926362684577e-09	0.8660253953022502	0.500000014691581	-0.30919158458709717	0.7071065713201153	-0.3535535065669053	0.6123726110711973	4.831357002258301	0.0	0.0	0.0	1.0
0.7660446472811698	0.3213937069602123	-0.5566701747877659	-1.6464076042175293	-9.365690695206652e-09	0.8660253880128347	0.5000000273172188	-0.30919158458709717	0.6427873663754357	-0.3830223393531934	0.663414115906904	4.831357002258301	0.0	0.0	0.0	1.0
0.8191522224396978	0.2867880987218374	-0.49673154007332526	-1.6464076042175293	9.412734480740426e-11	0.8660253959070257	0.5000000136440792	-0.30919158458709717	0.5735761819253864	-0.4095761224431827	0.7094066277194646	4.831357002258301	0.0	0.0	0.0	1.0
0.8660255459155268	0.24999989589786314	-0.4330124777333455	-1.6464076042175293	-1.6480146414199481e-10	0.8660253820028074	0.5000000377268897	-0.30919158458709717	0.49999975382165285	-0.4330128055588527	0.7500001042668845	4.831357002258301	0.0	0.0	0.0	1.0
0.9063079178390915	0.21130899722068353	-0.365997904031922	-1.6464076042175293	5.257979190931295e-10	0.8660253941990667	0.5000000166023512	-0.30919158458709717	0.4226179812338453	-0.45315397415882896	0.7848856717012287	4.831357002258301	0.0	0.0	0.0	1.0
0.9396927138637845	0.17100994983486145	-0.29619790777247834	-1.6464076042175293	-4.7402247543848475e-09	0.8660254001058532	0.5000000063714966	-0.30919158458709717	0.3420198875961973	-0.46984636151509657	0.8137977593110647	4.831357002258301	0.0	0.0	0.0	1.0
0.9659258914491438	0.12940940397066286	-0.2241436557035132	-1.6464076042175293	-4.180789672791896e-09	0.866025404871865	0.4999999981165225	-0.30919158458709717	0.2588188019216866	-0.48296294296817466	0.8365163617594952	4.831357002258301	0.0	0.0	0.0	1.0
0.9848077946067016	0.08682397283705662	-0.15038352776376301	-1.6464076042175293	2.232333901064365e-10	0.866025396665605	0.5000000123301813	-0.30919158458709717	0.1736479417726695	-0.49240390947978013	0.8528685609442666	4.831357002258301	0.0	0.0	0.0	1.0
0.9961947197833115	0.04357774987483248	-0.07547887116071636	-1.6464076042175293	6.531880210325358e-10	0.8660253836955534	0.5000000347949684	-0.30919158458709717	0.08715549481156928	-0.4980973946035214	0.8627299144073621	4.831357002258301	0.0	0.0	0.0	1.0
0.9999999999999698	-1.2293456773013814e-07	2.1292890503528603e-07	-1.6464076042175293	-1.4600885541204468e-15	0.8660253883290536	0.5000000267695114	-0.30919158458709717	-2.458691248256311e-07	-0.5000000267694963	0.8660253883290274	4.831357002258301	0.0	0.0	0.0	1.0
0.9961946769543363	-0.04357799437641297	0.07547929526681062	-1.6464076042175293	1.3693540190651277e-09	0.866025397024142	0.5000000117091764	-0.30919158458709717	-0.08715598434901105	-0.4980973500384296	0.86272989068239	4.831357002258301	0.0	0.0	0.0	1.0
0.9848077101736694	-0.08682421388695832	0.1503839415143978	-1.6464076042175293	-3.7213694001336783e-09	0.8660253813328834	0.5000000388872324	-0.30919158458709717	-0.17364842061618094	-0.4924038939429152	0.8528684724196107	4.831357002258301	0.0	0.0	0.0	1.0
0.9659257688393934	-0.1294096357757516	0.22414405024540468	-1.6464076042175293	-3.954800098515676e-10	0.8660253896131701	0.5000000245453569	-0.30919158458709717	-0.258819259507532	-0.48296290821733373	0.8365162402453574	4.831357002258301	0.0	0.0	0.0	1.0
0.9396925408457371	-0.17101019124335962	0.29619831729736856	-1.6464076042175293	-1.6716921735770995e-09	0.8660253850063501	0.5000000325246022	-0.30919158458709717	-0.34202036295940486	-0.46984630148114703	0.8137975941876483	4.831357002258301	0.0	0.0	0.0	1.0
0.9063077029455698	-0.2113092386040099	0.3659982968022104	-1.6464076042175293	-1.2227601847714098e-09	0.866025378474951	0.5000000438373166	-0.30919158458709717	-0.42261844207455657	-0.45315389165041065	0.7848854711998198	4.831357002258301	0.0	0.0	0.0	1.0
0.8660252759036867	-0.2500001224181424	0.43301288697550067	-1.6464076042175293	5.547329179345084e-09	0.8660253951129894	0.500000015019391	-0.30919158458709717	-0.5000002214958948	-0.43301264855695043	0.7499998831291587	4.831357002258301	0.0	0.0	0.0	1.0
0.8191519303054554	-0.28678831292546714	0.49673189815655167	-1.6464076042175293	5.127038543717433e-09	0.8660253940003606	0.5000000169465201	-0.30919158458709717	-0.573576599136372	-0.40957597648773875	0.7094063746593127	4.831357002258301	0.0	0.0	0.0	1.0
0.7660442694070325	-0.32139392723537624	0.5566705676114622	-1.6464076042175293	-5.236140410147527e-10	0.8660253865133706	0.5000000299143662	-0.30919158458709717	-0.6427878167083177	-0.3830221579107256	0.6634137843312915	4.831357002258301	0.0	0.0	0.0	1.0
0.7071066009911123	-0.3535534966990893	0.6123725825072861	-1.6464076042175293	3.0134200690312696e-09	0.8660253922205748	0.500000020029199	-0.30919158458709717	-0.7071069613819367	-0.35355331281299907	0.6123722725304908	4.831357002258301	0.0	0.0	0.0	1.0
0.642787385637642	-0.38302233210995307	0.6634141014254812	-1.6464076042175293	5.720429352429335e-09	0.8660253937104703	0.5000000174486254	-0.30919158458709717	-0.7660446311182697	-0.3213937002395637	0.5566702009100148	4.831357002258301	0.0	0.0	0.0	1.0
0.5735761660113116	-0.40957614870537673	0.7094066254239775	-1.6464076042175293	-8.145422447647377e-09	0.8660253784392825	0.5000000438990955	-0.30919158458709717	-0.8191522335828452	-0.28678811396354736	0.4967315128975281	4.831357002258301	0.0	0.0	0.0	1.0
0.49999970439352964	-0.4330128108462532	0.7500001341662612	-1.6464076042175293	-1.1243737330079995e-08	0.8660253847921028	0.5000000328956891	-0.30919158458709717	-0.8660255744528464	-0.24999987707740415	0.43301243152466184	4.831357002258301	0.0	0.0	0.0	1.0
0.42261794223851024	-0.4531539935527811	0.7848856815009773	-1.6464076042175293	-4.719985152723538e-09	0.8660253864132234	0.5000000300878267	-0.30919158458709717	-0.9063079360228992	-0.2113089875395592	0.36599786459338696	4.831357002258301	0.0	0.0	0.0	1.0
0.3420197873464308	-0.4698463907352941	0.8137977845733664	-1.6464076042175293	-8.79791509089678e-09	0.866025392623571	0.5000000193311889	-0.30919158458709717	-0.9396927503516785	-0.1710099074445883	0.29619781648805443	4.831357002258301	0.0	0.0	0.0	1.0
0.25881876953573807	-0.4829629652773484	0.836516358899524	-1.6464076042175293	-6.117113621195713e-09	0.8660253938713036	0.5000000171700529	-0.30919158458709717	-0.965925900126923	-0.12940939432886664	0.2241436238741344	4.831357002258301	0.0	0.0	0.0	1.0
0.2588187147841195	-0.408217940506181	0.8754261738869751	-1.6464076042175293	-1.0267370037508883e-08	0.9063077813243994	0.4226182739906593	-0.30919158458709717	-0.9659259147975563	-0.10938152750686983	0.2345694109699033	4.831357002258301	0.0	0.0	0.0	1.0
0.25881878590310164	-0.33036614210755455	0.9076734259702746	-1.6464076042175293	9.283169594143104e-09	0.9396926107829757	0.342020170808499	-0.30919158458709717	-0.9659258957413059	-0.0885212369369408	0.24321010371181057	4.831357002258301	0.0	0.0	0.0	1.0
0.17364795891353385	-0.33682413429609814	0.92541660289885	-1.6464076042175293	5.490108589967235e-09	0.939692609190419	0.3420201751840125	-0.30919158458709717	-0.984807791584309	-0.05939110024731539	0.16317570544125043	4.831357002258301	0.0	0.0	0.0	1.0
0.08715554390667896	-0.34071868362560287	0.9361168141822723	-1.6464076042175293	1.2087662260018561e-09	0.9396926119605853	0.34202016757304343	-0.30919158458709717	-0.9961947154880569	-0.029808952600335697	0.08189942111236187	4.831357002258301	0.0	0.0	0.0	1.0
-1.7151520415037425e-07	-0.34202017066330237	0.9396926108358072	-1.6464076042175293	1.8550110336690295e-09	0.9396926108358209	0.3420201706633077	-0.30919158458709717	-0.9999999999999851	6.04047995511614e-08	-1.6053711882069166e-07	4.831357002258301	0.0	0.0	0.0	1.0
-0.08715588514749056	-0.34071869274575917	0.9361167790921058	-1.6464076042175293	1.5924787877263924e-09	0.9396926048139553	0.3420201872082458	-0.30919158458709717	-0.9961946856333642	0.029809073645191225	-0.08189974019652407	4.831357002258301	0.0	0.0	0.0	1.0
-0.17364823437184673	-0.3368241095694965	0.925416560210728	-1.6464076042175293	3.145097599022151e-09	0.9396926116686285	0.34202016837518856	-0.30919158458709717	-0.9848077430135997	0.05939120126843861	-0.16317596180918204	4.831357002258301	0.0	0.0	0.0	1.0
-0.25881913580408833	-0.3303661175253809	0.9076733351447709	-1.6464076042175293	-6.717183254068004e-09	0.9396926077277183	0.3420201792027492	-0.30919158458709717	-0.9659258019856521	0.08852136111180678	-0.24321043087270788	4.831357002258301	0.0	0.0	0.0	1.0
-0.3420201420871082	-0.321393831440024	0.8830222123587921	-1.6464076042175293	9.521440580417817e-10	0.9396926104254043	0.3420201717909185	-0.30919158458709717	-0.9396926212367076	0.11697778859335145	-0.32139379982988914	4.831357002258301	0.0	0.0	0.0	1.0
-0.42261828074786584	-0.30997555154122947	0.8516507184429712	-1.6464076042175293	-3.116797847591002e-09	0.9396926070852767	0.3420201809678433	-0.30919158458709717	-0.9063077781734626	0.1445439782072807	-0.3971312750039904	4.831357002258301	0.0	0.0	0.0	1.0
-0.5000000327412152	-0.29619815127256854	0.8137976544826709	-1.6464076042175293	1.3158718559225235e-10	0.9396926102480477	0.34202017227820186	-0.30919158458709717	-0.8660253848812886	0.1710100974443423	-0.4698463358517261	4.831357002258301	0.0	0.0	0.0	1.0
-0.5735764504182754	-0.28016652830061123	0.7697511103892966	-1.6464076042175293	-1.5934133457129462e-09	0.9396926069151992	0.34202018143512736	-0.30919158458709717	-0.8191520344390119	0.1961747204124431	-0.5389855504051366	4.831357002258301	0.0	0.0	0.0	1.0
-0.6427876202478873	-0.2620026542950388	0.7198462922030038	-1.6464076042175293	1.9532464534677274e-10	0.9396926078554393	0.3420201788518387	-0.30919158458709717	-0.7660444342569548	0.21984633698153394	-0.6040227751167533	4.831357002258301	0.0	0.0	0.0	1.0
-0.7071067800647767	-0.24184478172692309	0.664463018638269	-1.6464076042175293	1.2709130969845717e-09	0.9396926107281781	0.3420201709590543	-0.30919158458709717	-0.7071067823083184	0.2418447826485361	-0.6644630159153019	4.831357002258301	0.0	0.0	0.0	1.0
-0.7660444208357882	-0.21984634667443081	0.6040227886100556	-1.6464076042175293	2.2114734349321097e-09	0.9396926044835512	0.34202018811602375	-0.30919158458709717	-0.64278763624261	0.26200265825526703	-0.7198462764790909	4.831357002258301	0.0	0.0	0.0	1.0
-0.8191520130097003	-0.19617472670648214	0.5389855806826309	-1.6464076042175293	2.369360790899222e-09	0.9396926091843556	0.34202017520067085	-0.30919158458709717	-0.5735764810225012	0.28016651628261124	-0.7697510919588939	4.831357002258301	0.0	0.0	0.0	1.0
-0.8660253826120485	-0.17101010174096998	0.46984633847056667	-1.6464076042175293	-1.6813231779044813e-09	0.9396926090169788	0.3420201756605352	-0.30919158458709717	-0.5000000366716538	0.2961981526974915	-0.8137976515491663	4.831357002258301	0.0	0.0	0.0	1.0
-0.9063077600260886	-0.14454398830946658	0.39713131274187713	-1.6464076042175293	-2.328647955018859e-09	0.9396926138423659	0.34202016240289407	-0.30919158458709717	-0.42261831966503044	0.3099755263463469	-0.851650708301127	4.831357002258301	0.0	0.0	0.0	1.0
-0.9396925962963792	-0.11697781770183321	0.321393862155902	-1.6464076042175293	-3.187175141861065e-09	0.9396926064893752	0.34202018260506833	-0.30919158458709717	-0.34202021061008986	0.3213938323535798	-0.8830221854853416	4.831357002258301	0.0	0.0	0.0	1.0
-0.9659258126398811	-0.08852135444796327	0.24321039098419137	-1.6464076042175293	-6.841603186757972e-10	0.9396926074217142	0.342020180043488	-0.30919158458709717	-0.25881909604197517	0.3303661201813497	-0.9076733455160708	4.831357002258301	0.0	0.0	0.0	1.0
-0.9848077458335369	-0.05939119591413125	0.16317594673896355	-1.6464076042175293	-3.981352955650941e-10	0.9396926060982704	0.34202018367962006	-0.30919158458709717	-0.17364821837919267	0.3368241260541328	-0.925416557211725	4.831357002258301	0.0	0.0	0.0	1.0
-0.9848077458335369	-0.05939119591413125	0.16317594673896355	-1.681137204170227	-3.981352955650941e-10	0.9396926060982704	0.34202018367962006	-0.30919158458709717	-0.17364821837919267	0.3368241260541328	-0.925416557211725	5.028318405151367	0.0	0.0	0.0	1.0
-0.9848077458335369	-0.05939119591413125	0.16317594673896355	-1.7158668041229248	-3.981352955650941e-10	0.9396926060982704	0.34202018367962006	-0.30919158458709717	-0.17364821837919267	0.3368241260541328	-0.925416557211725	5.225279808044434	0.0	0.0	0.0	1.0
-0.9848077458335369	-0.05939119591413125	0.16317594673896355	-1.7505964040756226	-3.981352955650941e-10	0.9396926060982704	0.34202018367962006	-0.30919158458709717	-0.17364821837919267	0.3368241260541328	-0.925416557211725	5.4222412109375	0.0	0.0	0.0	1.0
-0.9848077458335369	-0.05939119591413125	0.16317594673896355	-1.7853260040283203	-3.981352955650941e-10	0.9396926060982704	0.34202018367962006	-0.30919158458709717	-0.17364821837919267	0.3368241260541328	-0.925416557211725	5.619202613830566	0.0	0.0	0.0	1.0
-0.9848077439549644	-0.04494348018844708	0.1677313060668293	-1.7853260040283203	1.668244174746203e-09	0.965925806301419	0.2588191196974325	-0.30919158458709717	-0.173648229033105	0.2548870736414551	-0.9512512140566035	5.619202613830566	0.0	0.0	0.0	1.0
-0.9848077465285937	-0.030153708753242997	0.1710101056244859	-1.7853260040283203	-1.3192520704335964e-09	0.9848077413534734	0.17364824378688712	-0.30919158458709717	-0.17364821443733083	0.17101013542680674	-0.9698462925660086	5.619202613830566	0.0	0.0	0.0	1.0
-0.9848077467572598	-0.015134451678820509	0.17298742815381155	-1.7853260040283203	-3.4901106310547547e-10	0.9961946918728266	0.08715581383019586	-0.30919158458709717	-0.1736482131405004	0.08583172057453589	-0.9810602498401033	5.619202613830566	0.0	0.0	0.0	1.0
-0.9848077453671007	-1.2937800706773432e-08	0.1736482210244826	-1.7853260040283203	2.6541956073225813e-16	0.9999999999999973	7.450580772915916e-08	-0.30919158458709717	-0.1736482210244831	7.337389657259758e-08	-0.984807745367098	5.619202613830566	0.0	0.0	0.0	1.0
-0.9848077467572726	0.015134425826170982	0.17298743041555284	-1.7853260040283203	3.473325195166299e-10	0.9961947048972571	-0.08715566496027076	-0.30919158458709717	-0.17364821314042825	-0.08583157396657186	-0.9810602626666506	5.619202613830566	0.0	0.0	0.0	1.0
-0.9848077465286192	0.03015368326907911	0.17101011011788508	-1.7853260040283203	1.3175784248364852e-09	0.9848077672290915	-0.173648097038959	-0.30919158458709717	-0.17364821443718653	-0.17100999090860097	-0.9698463180484923	5.619202613830566	0.0	0.0	0.0	1.0
-0.9848077439550023	0.044943455312042	0.16773131273221847	-1.7853260040283203	-1.669908763352046e-09	0.965925844684612	-0.2588189764494081	-0.30919158458709717	-0.17364822903288935	-0.2548869325699804	-0.951251251856631	5.619202613830566	0.0	0.0	0.0	1.0
-0.9848077439550023	0.044943455312042	0.16773131273221847	-1.820055603981018	-1.669908763352046e-09	0.965925844684612	-0.2588189764494081	-0.30919158458709717	-0.17364822903288935	-0.2548869325699804	-0.951251251856631	5.816164016723633	0.0	0.0	0.0	1.0
-0.9848077439550023	0.044943455312042	0.16773131273221847	-1.8547852039337158	-1.669908763352046e-09	0.965925844684612	-0.2588189764494081	-0.30919158458709717	-0.17364822903288935	-0.2548869325699804	-0.951251251856631	6.013125419616699	0.0	0.0	0.0	1.0
-0.9848077439550023	0.044943455312042	0.16773131273221847	-1.8895148038864136	-1.669908763352046e-09	0.965925844684612	-0.2588189764494081	-0.30919158458709717	-0.17364822903288935	-0.2548869325699804	-0.951251251856631	6.210086822509766	0.0	0.0	0.0	1.0
-0.9848077465286192	0.03015368326907911	0.17101011011788508	-1.8895148038864136	1.3175784248364852e-09	0.9848077672290915	-0.173648097038959	-0.30919158458709717	-0.17364821443718653	-0.17100999090860097	-0.9698463180484923	6.210086822509766	0.0	0.0	0.0	1.0
-0.9848077467572726	0.015134425826170982	0.17298743041555284	-1.8895148038864136	3.473325195166299e-10	0.9961947048972571	-0.08715566496027076	-0.30919158458709717	-0.17364821314042825	-0.08583157396657186	-0.9810602626666506	6.210086822509766	0.0	0.0	0.0	1.0
-0.9848077453671007	-1.2937800706773432e-08	0.1736482210244826	-1.8895148038864136	2.6541956073225813e-16	0.9999999999999973	7.450580772915916e-08	-0.30919158458709717	-0.1736482210244831	7.337389657259758e-08	-0.984807745367098	6.210086822509766	0.0	0.0	0.0	1.0
-0.9848077467572598	-0.015134451678820509	0.17298742815381155	-1.8895148038864136	-3.4901106310547547e-10	0.9961946918728266	0.08715581383019586	-0.30919158458709717	-0.1736482131405004	0.08583172057453589	-0.9810602498401033	6.210086822509766	0.0	0.0	0.0	1.0
-0.9848077465285937	-0.030153708753242997	0.1710101056244859	-1.8895148038864136	-1.3192520704335964e-09	0.9848077413534734	0.17364824378688712	-0.30919158458709717	-0.17364821443733083	0.17101013542680674	-0.9698462925660086	6.210086822509766	0.0	0.0	0.0	1.0
-0.9848077439549644	-0.04494348018844708	0.1677313060668293	-1.8895148038864136	1.668244174746203e-09	0.965925806301419	0.2588191196974325	-0.30919158458709717	-0.173648229033105	0.2548870736414551	-0.9512512140566035	6.210086822509766	0.0	0.0	0.0	1.0
-0.984807745094112	-0.05939119735164952	0.16317595067836377	-1.8895148038864136	1.1060280018238e-09	0.9396926031738198	0.3420201917144803	-0.30919158458709717	-0.1736482225726782	0.3368241339594704	-0.9254165535475374	6.210086822509766	0.0	0.0	0.0	1.0
-0.9961946946470659	-0.029809036840763095	0.08189964395322638	-1.8895148038864136	-1.7018822236897213e-09	0.9396926117860944	0.3420201680524529	-0.30919158458709717	-0.08715578212051808	0.34071867673676787	-0.9361167945110838	6.210086822509766	0.0	0.0	0.0	1.0
-0.9999999999999986	-1.7234900753481258e-08	4.735249346399486e-08	-1.8895148038864136	-4.3852161265692335e-17	0.9396926044096795	0.3420201883189841	-0.30919158458709717	-5.039147190983832e-08	0.3420201883189837	-0.9396926044096782	6.210086822509766	0.0	0.0	0.0	1.0
-0.9961947027879173	0.02980900443310624	-0.08189955672652109	-1.8895148038864136	-7.23944126868048e-10	0.9396926047355941	0.34202018742354234	-0.30919158458709717	0.08715568907015532	0.3407186990171541	-0.9361167950649988	6.210086822509766	0.0	0.0	0.0	1.0
-0.9848077634234916	0.05939116158245478	-0.16317585307485627	-1.8895148038864136	-1.3357053657570006e-09	0.9396926031806926	0.3420201916955981	-0.30919158458709717	0.1736481186215973	0.3368241402473707	-0.9254165707646475	6.210086822509766	0.0	0.0	0.0	1.0
-0.9659258440044525	0.08852131372736019	-0.24321028123882565	-1.8895148038864136	3.1004855488570016e-09	0.9396926114703006	0.34202016892009	-0.30919158458709717	0.2588189789877983	0.3303661195766133	-0.9076733791136571	6.210086822509766	0.0	0.0	0.0	1.0
-0.9396926343225103	0.11697778077234713	-0.3213937644161721	-1.8895148038864136	-1.0900230440480385e-09	0.939692603743528	0.3420201901492209	-0.30919158458709717	0.34202010613415884	0.3213938538231339	-0.8830222181376262	6.210086822509766	0.0	0.0	0.0	1.0
-0.9063078072030831	0.14454395998906894	-0.3971312153853152	-1.8895148038864136	1.5260731428545782e-09	0.9396926078432556	0.3420201788853133	-0.30919158458709717	0.4226182184936414	0.30997555773870317	-0.8516507470799523	6.210086822509766	0.0	0.0	0.0	1.0
-0.8660254274485507	0.17101008001821924	-0.46984626373391214	-1.8895148038864136	2.352965711160948e-09	0.9396926058929144	0.34202018424383074	-0.30919158458709717	0.499999959012553	0.2961981751502635	-0.8137976910910346	6.210086822509766	0.0	0.0	0.0	1.0
-0.8191520874022024	0.19617470453290872	-0.5389854756911732	-1.8895148038864136	2.300180962366838e-09	0.9396926024773659	0.3420201936279713	-0.30919158458709717	0.573576374778995	0.28016655430429405	-0.7697511572869796	6.210086822509766	0.0	0.0	0.0	1.0
-0.7660444384933127	0.21984634237626477	-0.6040227677805227	-1.8895148038864136	-1.095894393288166e-08	0.939692599276466	0.34202020242236936	-0.30919158458709717	0.6427876151991924	0.2620026805374647	-0.7198462871597782	6.210086822509766	0.0	0.0	0.0	1.0
-0.7071068063635421	0.24184478270711934	-0.6644629902949438	-1.8895148038864136	-3.895277642107509e-09	0.9396926046961925	0.3420201875317966	-0.30919158458709717	0.7071067560095522	0.24184480510573622	-0.6644630357281104	6.210086822509766	0.0	0.0	0.0	1.0
-0.6427876202478873	0.2620026542950388	-0.7198462922030038	-1.8895148038864136	-1.9532464534677274e-10	0.9396926078554393	0.3420201788518387	-0.30919158458709717	0.7660444342569548	0.21984633698153394	-0.6040227751167533	6.210086822509766	0.0	0.0	0.0	1.0
-0.5735764522500044	0.2801665352193693	-0.7697511065061696	-1.8895148038864136	1.435626506562926e-09	0.9396926036083164	0.34202019052071153	-0.30919158458709717	0.8191520331564212	0.19617472637166522	-0.5389855501854421	6.210086822509766	0.0	0.0	0.0	1.0
-0.5000000469628316	0.2961981636303672	-0.8137976412469897	-1.8895148038864136	-1.2903436097388976e-09	0.9396926036452846	0.34202019041914156	-0.30919158458709717	0.8660253766704334	0.171010112321886	-0.4698463455710704	6.210086822509766	0.0	0.0	0.0	1.0
-0.4226183064325433	0.30997556303328855	-0.8516507015145849	-1.8895148038864136	1.1170635805246576e-09	0.9396926005060853	0.3420201990440197	-0.30919158458709717	0.9063077661964996	0.144543996334357	-0.3971312957393365	6.210086822509766	0.0	0.0	0.0	1.0
-0.3420202061605886	0.3213938394214808	-0.883022184636257	-1.8895148038864136	6.107822331236079e-09	0.9396926051234016	0.34202018635804976	-0.30919158458709717	0.9396925979158656	0.11697780925592048	-0.3213938604949029	6.210086822509766	0.0	0.0	0.0	1.0
-0.2588191860243668	0.330366129266336	-0.9076733165513146	-1.8895148038864136	3.0485081681241866e-09	0.9396926012331733	0.3420201970463622	-0.30919158458709717	0.9659257885291624	0.08852138623638348	-0.2432104751714138	6.210086822509766	0.0	0.0	0.0	1.0
