1.0	0.0	0.0	-8.619180679321289	0.0	1.0	0.0	4.806028366088867	0.0	0.0	1.0	4.363217830657959	0.0	0.0	0.0	1.0
0.9961946982682389	-0.0	-0.08715574073032861	-8.619180679321289	0.0	0.9999999999999999	-0.0	4.806028366088867	0.08715574073032861	0.0	0.9961946982682389	4.363217830657959	0.0	0.0	0.0	1.0
0.9848077531002408	-0.0	-0.17364817716767306	-8.619180679321289	0.0	1.0000000000000002	-0.0	4.806028366088867	0.17364817716767306	0.0	0.9848077531002408	4.363217830657959	0.0	0.0	0.0	1.0
0.9659258316218277	-0.0	-0.25881902520039096	-8.619180679321289	0.0	0.9999999999999999	-0.0	4.806028366088867	0.25881902520039096	0.0	0.9659258316218277	4.363217830657959	0.0	0.0	0.0	1.0
0.93969262448596	-0.0	-0.3420201331598604	-8.619180679321289	0.0	1.0	-0.0	4.806028366088867	0.3420201331598604	0.0	0.93969262448596	4.363217830657959	0.0	0.0	0.0	1.0
0.9063077933127555	-0.0	-0.4226182482815481	-8.619180679321289	0.0	1.0000000000000002	-0.0	4.806028366088867	0.4226182482815481	0.0	0.9063077933127555	4.363217830657959	0.0	0.0	0.0	1.0
0.8660253883290534	-0.0	-0.5000000267695114	-8.619180679321289	0.0	1.0	-0.0	4.806028366088867	0.5000000267695114	0.0	0.8660253883290534	4.363217830657959	0.0	0.0	0.0	1.0
0.8191520362026039	-0.0	-0.5735764478996047	-8.619180679321289	0.0	1.0	-0.0	4.806028366088867	0.5735764478996047	0.0	0.8191520362026039	4.363217830657959	0.0	0.0	0.0	1.0
0.7660444185289921	-0.0	-0.6427876389917426	-8.619180679321289	0.0	1.0000000000000002	-0.0	4.806028366088867	0.6427876389917426	0.0	0.7660444185289921	4.363217830657959	0.0	0.0	0.0	1.0
0.7071068129364553	-0.0	-0.7071067494366384	-8.619180679321289	0.0	1.0	-0.0	4.806028366088867	0.7071067494366384	0.0	0.7071068129364553	4.363217830657959	0.0	0.0	0.0	1.0
0.6427876174094395	-0.0	-0.7660444366386953	-8.619180679321289	0.0	0.9999999999999999	-0.0	4.806028366088867	0.7660444366386953	0.0	0.6427876174094395	4.363217830657959	0.0	0.0	0.0	1.0
0.5735764419101737	-0.0	-0.8191520403964487	-8.619180679321289	0.0	1.0	-0.0	4.806028366088867	0.8191520403964487	0.0	0.5735764419101737	4.363217830657959	0.0	0.0	0.0	1.0
0.4999999487509984	-0.0	-0.8660254333730614	-8.619180679321289	0.0	0.9999999999999999	-0.0	4.806028366088867	0.8660254333730614	0.0	0.4999999487509984	4.363217830657959	0.0	0.0	0.0	1.0
0.42261816429975646	-0.0	-0.9063078324741014	-8.619180679321289	0.0	1.0	-0.0	4.806028366088867	0.9063078324741014	0.0	0.42261816429975646	4.363217830657959	0.0	0.0	0.0	1.0
0.3420200439022877	-0.0	-0.9396926569730536	-8.619180679321289	0.0	0.9999999999999999	-0.0	4.806028366088867	0.9396926569730536	0.0	0.3420200439022877	4.363217830657959	0.0	0.0	0.0	1.0
0.2588189978133274	-0.0	-0.965925838960168	-8.619180679321289	0.0	0.9999999999999999	-0.0	4.806028366088867	0.965925838960168	0.0	0.2588189978133274	4.363217830657959	0.0	0.0	0.0	1.0
0.17364820781723544	-0.0	-0.9848077476958955	-8.619180679321289	0.0	1.0000000000000002	-0.0	4.806028366088867	0.9848077476958955	0.0	0.17364820781723544	4.363217830657959	0.0	0.0	0.0	1.0
0.08715579847029697	-0.0	-0.9961946932166444	-8.619180679321289	0.0	0.9999999999999997	-0.0	4.806028366088867	0.9961946932166444	0.0	0.08715579847029697	4.363217830657959	0.0	0.0	0.0	1.0
8.429369502405137e-08	-0.0	-0.9999999999999963	-8.619180679321289	0.0	0.9999999999999999	-0.0	4.806028366088867	0.9999999999999963	0.0	8.429369502405137e-08	4.363217830657959	0.0	0.0	0.0	1.0
-0.08715563068428267	-0.0	-0.9961947078960142	-8.619180679321289	0.0	1.0	-0.0	4.806028366088867	0.9961947078960142	0.0	-0.08715563068428267	4.363217830657959	0.0	0.0	0.0	1.0
-0.17364804242284976	-0.0	-0.984807776859379	-8.619180679321289	0.0	1.0000000000000002	-0.0	4.806028366088867	0.984807776859379	0.0	-0.17364804242284976	4.363217830657959	0.0	0.0	0.0	1.0
-0.25881885761880646	-0.0	-0.9659258765251586	-8.619180679321289	0.0	1.0	-0.0	4.806028366088867	0.9659258765251586	0.0	-0.25881885761880646	4.363217830657959	0.0	0.0	0.0	1.0
-0.34201997965019604	-0.0	-0.9396926803588924	-8.619180679321289	0.0	1.0	-0.0	4.806028366088867	0.9396926803588924	0.0	-0.34201997965019604	4.363217830657959	0.0	0.0	0.0	1.0
-0.4226181062497342	-0.0	-0.9063078595432614	-8.619180679321289	0.0	0.9999999999999998	-0.0	4.806028366088867	0.9063078595432614	0.0	-0.4226181062497342	4.363217830657959	0.0	0.0	0.0	1.0
-0.4999998077248887	-0.0	-0.8660255147944976	-8.619180679321289	0.0	1.0	-0.0	4.806028366088867	0.8660255147944976	0.0	-0.4999998077248887	4.363217830657959	0.0	0.0	0.0	1.0
-0.573576223586004	-0.0	-0.8191521932686368	-8.619180679321289	0.0	0.9999999999999998	-0.0	4.806028366088867	0.8191521932686368	0.0	-0.573576223586004	4.363217830657959	0.0	0.0	0.0	1.0
-0.6427874132887333	-0.0	-0.7660446079162619	-8.619180679321289	0.0	1.0000000000000002	-0.0	4.806028366088867	0.7660446079162619	0.0	-0.6427874132887333	4.363217830657959	0.0	0.0	0.0	1.0
-0.7071065793047675	-0.0	-0.7071069830682702	-8.619180679321289	0.0	1.0000000000000002	-0.0	4.806028366088867	0.7071069830682702	0.0	-0.7071065793047675	4.363217830657959	0.0	0.0	0.0	1.0
-0.7660442221032479	-0.0	-0.6427878730827375	-8.619180679321289	0.0	0.9999999999999999	-0.0	4.806028366088867	0.6427878730827375	0.0	-0.7660442221032479	4.363217830657959	0.0	0.0	0.0	1.0
-0.8191518526140972	-0.0	-0.5735767100910675	-8.619180679321289	0.0	1.0	-0.0	4.806028366088867	0.5735767100910675	0.0	-0.8191518526140972	4.363217830657959	0.0	0.0	0.0	1.0
-0.866025228968024	-0.0	-0.5000003027907893	-8.619180679321289	0.0	0.9999999999999997	-0.0	4.806028366088867	0.5000003027907893	0.0	-0.866025228968024	4.363217830657959	0.0	0.0	0.0	1.0
-0.9063076348510253	-0.0	-0.42261858810367126	-8.619180679321289	0.0	1.0	-0.0	4.806028366088867	0.42261858810367126	0.0	-0.9063076348510253	4.363217830657959	0.0	0.0	0.0	1.0
-0.9396924939900831	-0.0	-0.342020491694134	-8.619180679321289	0.0	0.9999999999999999	-0.0	4.806028366088867	0.342020491694134	0.0	-0.9396924939900831	4.363217830657959	0.0	0.0	0.0	1.0
-0.9659257358255285	-0.0	-0.2588193827168121	-8.619180679321289	0.0	1.0000000000000002	-0.0	4.806028366088867	0.2588193827168121	0.0	-0.9659257358255285	4.363217830657959	0.0	0.0	0.0	1.0
-0.9848076938127857	-0.0	-0.1736485134032039	-8.619180679321289	0.0	1.0	-0.0	4.806028366088867	0.1736485134032039	0.0	-0.9848076938127857	4.363217830657959	0.0	0.0	0.0	1.0
-0.9961946682304647	-0.0	-0.08715608406298225	-8.619180679321289	0.0	0.9999999999999997	-0.0	4.806028366088867	0.08715608406298225	0.0	-0.9961946682304647	4.363217830657959	0.0	0.0	0.0	1.0
-0.9999999999999395	-0.0	-3.4813101024154864e-07	-8.619180679321289	0.0	1.0	-0.0	4.806028366088867	3.4813101024154864e-07	0.0	-0.9999999999999395	4.363217830657959	0.0	0.0	0.0	1.0
-0.9999999999999395	3.034161587651639e-08	-3.4680626602059807e-07	-8.619180679321289	-1.3186756491876227e-16	0.9961946982682389	0.08715574073032861	4.806028366088867	3.481310095425972e-07	0.08715574073032334	-0.9961946982681787	4.363217830657959	0.0	0.0	0.0	1.0
-0.9999999999999397	6.045231520533175e-08	-3.428421179933447e-07	-8.619180679321289	-1.387783015946182e-16	0.9848077531002409	0.17364817716767308	4.806028366088867	3.481310102301248e-07	0.17364817716766254	-0.9848077531001812	4.363217830657959	0.0	0.0	0.0	1.0
-0.9999999999999395	9.010292806506002e-08	-3.3626872521888254e-07	-8.619180679321289	2.0562755130769137e-15	0.9659258316218277	0.25881902520039096	4.806028366088867	3.4813100006496077e-07	0.2588190252003753	-0.9659258316217693	4.363217830657959	0.0	0.0	0.0	1.0
-0.9999999999999395	1.1906781336270944e-07	-3.271361402649291e-07	-8.619180679321289	-2.242049426046687e-16	0.9396926244859601	0.34202013315986046	4.806028366088867	3.4813100759112564e-07	0.3420201331598397	-0.9396926244859031	4.363217830657959	0.0	0.0	0.0	1.0
-0.9999999999999393	1.47126515591179e-07	-3.1551384943470216e-07	-8.619180679321289	-2.6734258095589854e-15	0.9063077933127551	0.422618248281548	4.806028366088867	3.4813101093568976e-07	0.42261824828152234	-0.9063077933127003	4.363217830657959	0.0	0.0	0.0	1.0
-0.9961947289791785	-0.036833458648232474	0.07898960867170862	-8.619180679321289	-5.988388673827671e-10	0.9063077934014262	0.42261824809139203	4.806028366088867	-0.08715538970196116	0.4210100710717576	-0.9028590466413086	4.363217830657959	0.0	0.0	0.0	1.0
-0.9848078133707019	-0.07338674431355904	0.15737838632758008	-8.619180679321289	-2.2548161254798416e-10	0.9063077930011494	0.42261824894978883	4.806028366088867	-0.17364783535655356	0.41619775360331057	-0.892538995882836	4.363217830657959	0.0	0.0	0.0	1.0
-0.9659259154159541	-0.10938150852200396	0.23456941727621303	-8.619180679321289	6.518899101082276e-09	0.9063077872958205	0.42261826118490653	4.806028366088867	-0.25881871247622595	0.40821793233566395	-0.875426178379276	4.363217830657959	0.0	0.0	0.0	1.0
-0.9396927514038085	-0.14454380706096417	0.3099751938453505	-8.619180679321289	-6.609213898389754e-09	0.9063077943381488	0.42261824608258397	4.806028366088867	-0.34201978445572384	0.39713130040610284	-0.8516508658356532	4.363217830657959	0.0	0.0	0.0	1.0
-0.9063079470953591	-0.17860604313645656	0.38302191371634897	-8.619180679321289	-1.3700509338132605e-09	0.9063077959553704	0.4226182426144417	4.806028366088867	-0.4226179184935206	0.38302227134418343	-0.8213939582335307	4.363217830657959	0.0	0.0	0.0	1.0
-0.8660256008353509	-0.21130898053402536	0.4531535870358309	-8.619180679321289	2.6551838089305946e-09	0.9063077907780288	0.42261825371728623	4.806028366088867	-0.499999658697653	0.3659982283027057	-0.7848857484892378	4.363217830657959	0.0	0.0	0.0	1.0
-0.8191522889811442	-0.2424037173306185	0.5198364793675504	-8.619180679321289	-1.7223979048575089e-09	0.906307797416321	0.42261823948142274	4.806028366088867	-0.5735760868942777	0.34618869734102353	-0.742404107192554	4.363217830657959	0.0	0.0	0.0	1.0
-0.7660446836287936	-0.2716536555972834	0.5825631588803865	-8.619180679321289	3.618179728048787e-09	0.9063077892350727	0.42261825702616723	4.806028366088867	-0.6427873230579938	0.3237444711071807	-0.6942722626920007	4.363217830657959	0.0	0.0	0.0	1.0
-0.7071070828187813	-0.29883610270516947	0.6408561126707765	-8.619180679321289	-3.6426301142089557e-09	0.9063077942142068	0.4226182463483791	4.806028366088867	-0.7071064795541854	0.2988363529869895	-0.6408566615912814	4.363217830657959	0.0	0.0	0.0	1.0
-0.6427879151638962	-0.32374425725345585	0.6942718142159163	-8.619180679321289	-9.21469062165059e-09	0.9063077935826513	0.42261824770275336	4.806028366088867	-0.7660441867929366	0.2716538959535719	-0.5825637001169865	4.363217830657959	0.0	0.0	0.0	1.0
-0.573576747230261	-0.34618851064750444	0.742403684077885	-8.619180679321289	3.947922072589094e-09	0.9063077917975747	0.4226182515308633	4.806028366088867	-0.8191518266089343	0.2424040049641647	-0.5198370738419681	4.363217830657959	0.0	0.0	0.0	1.0
-0.5000003281472979	-0.36599805855354245	0.7848854011813649	-8.619180679321289	-1.1477757244637843e-08	0.9063077963790868	0.42261824170577805	4.806028366088867	-0.8660252143284248	0.21130925052519894	-0.45315419979283467	4.363217830657959	0.0	0.0	0.0	1.0
-0.4226185450443061	-0.38302213358212533	0.8213937001041767	-8.619180679321289	8.612804386354256e-09	0.9063078018792174	0.422618229910709	4.806028366088867	-0.9063076549299545	0.17860630850856724	-0.38302248129360345	4.363217830657959	0.0	0.0	0.0	1.0
-0.3420205383541145	-0.3971311725837652	0.8516506226770494	-8.619180679321289	-2.403676757634088e-09	0.9063078016085305	0.42261823049120006	4.806028366088867	-0.9396924770072187	0.14454411266377057	-0.3099758831752585	4.363217830657959	0.0	0.0	0.0	1.0
-0.2588194875149443	-0.40821784911026715	0.8754259880482697	-8.619180679321289	-8.830974174145467e-09	0.9063077853658386	0.4226182653237665	4.806028366088867	-0.9659257077449083	0.10938183511468774	-0.2345701201441519	4.363217830657959	0.0	0.0	0.0	1.0
-0.17364868061958855	-0.4161976983808773	0.8925388571830005	-8.619180679321289	-1.9538381662576043e-08	0.9063077907968435	0.42261825367693806	4.806028366088867	-0.9848076643279519	0.07338708471799002	-0.15737916023895543	4.363217830657959	0.0	0.0	0.0	1.0
-0.08715615011917116	-0.42101004956979754	0.9028589832624148	-8.619180679321289	-1.818857242597005e-08	0.9063077910001658	0.42261825324091207	4.806028366088867	-0.9961946624512723	0.0368337635008508	-0.07899030554415659	4.363217830657959	0.0	0.0	0.0	1.0
-2.605701381885872e-07	-0.42261824099603984	0.906307796710006	-8.619180679321289	6.988216283421167e-09	0.9063077967100359	0.4226182409960558	4.806028366088867	-0.9999999999999661	1.1645516834191127e-07	-2.332034001462091e-07	4.363217830657959	0.0	0.0	0.0	1.0
-3.430304095219938e-07	-0.34202014141074466	0.9396926214828211	-8.619180679321289	3.710027340897426e-09	0.9396926214828759	0.342020141410766	4.806028366088867	-0.999999999999941	1.2080959449489725e-07	-3.210742406389855e-07	4.363217830657959	0.0	0.0	0.0	1.0
-3.411667708341781e-07	-0.25881908862880276	0.9659258146261751	-8.619180679321289	8.222695968562732e-09	0.9659258146262305	0.2588190886288205	4.806028366088867	-0.999999999999942	9.624298702437528e-08	-3.274136002873185e-07	4.363217830657959	0.0	0.0	0.0	1.0
-3.386467069543819e-07	-0.1736482212564544	0.9848077453261397	-8.619180679321289	2.1031234670454424e-09	0.9848077453261961	0.17364822125646506	4.806028366088867	-0.9999999999999427	6.08765705761849e-08	-3.331366963399418e-07	4.363217830657959	0.0	0.0	0.0	1.0
-3.375432506835807e-07	-0.0871557843208165	0.9961946944545076	-8.619180679321289	1.082660433526783e-09	0.9961946944545643	0.08715578432082183	4.806028366088867	-0.9999999999999433	3.049738733773566e-08	-3.361644353994109e-07	4.363217830657959	0.0	0.0	0.0	1.0
-3.371747652747281e-07	-4.4703483581540825e-08	0.9999999999999423	-8.619180679321289	-2.512147761860284e-15	0.9999999999999991	4.470348358154252e-08	4.806028366088867	-0.9999999999999432	1.2560738825845032e-14	-3.371747652747281e-07	4.363217830657959	0.0	0.0	0.0	1.0
-3.3754325129420337e-07	0.0871556951845005	0.9961947022529244	-8.619180679321289	-1.082675539498812e-09	0.9961947022529811	-0.08715569518450582	4.806028366088867	-0.999999999999943	-3.0497372363602615e-08	-3.361644373978123e-07	4.363217830657959	0.0	0.0	0.0	1.0
-3.3818754091585745e-07	0.17364813339069274	0.9848077608192445	-8.619180679321289	3.1451693055517538e-09	0.9848077608193009	-0.17364813339070162	4.806028366088867	-0.9999999999999429	-5.5628248077366216e-08	-3.335958677075368e-07	4.363217830657959	0.0	0.0	0.0	1.0
-3.397914558056492e-07	0.25881899781331286	0.9659258389601123	-8.619180679321289	2.2238563490706298e-09	0.9659258389601681	-0.25881899781332707	4.806028366088867	-0.9999999999999422	-8.579640373151953e-08	-3.2878892325394204e-07	4.363217830657959	0.0	0.0	0.0	1.0
-0.08715605649663122	0.25783410223737546	0.962250174091646	-8.619180679321289	1.6831477045453624e-09	0.9659258400863353	-0.258818993610415	4.806028366088867	-0.9961946706422176	-0.02255764120990135	-0.08418628752409335	4.363217830657959	0.0	0.0	0.0	1.0
-0.17364847952294993	0.2548869417656088	0.9512512036663834	-8.619180679321289	2.127380688277114e-09	0.9659258390931863	-0.25881899731689767	4.806028366088867	-0.9848076997868	-0.044943523332060295	-0.167731553832703	4.363217830657959	0.0	0.0	0.0	1.0
-0.2588193890502924	0.24999992364812684	0.9330126269389737	-8.619180679321289	-5.2898975477777554e-09	0.9659258404854965	-0.2588189921207247	4.806028366088867	-0.9659257341284752	-0.0669873783508396	-0.2500003345798723	4.363217830657959	0.0	0.0	0.0	1.0
-0.34202045977209	0.24321026857290523	0.9076732729115604	-8.619180679321289	-2.5889825144842504e-09	0.9659258398515729	-0.2588189944865601	4.806028366088867	-0.9396925056087702	-0.0885213938419935	-0.3303663992221098	4.363217830657959	0.0	0.0	0.0	1.0
-0.4226185661536872	0.23456963103915662	0.8754259738757789	-8.619180679321289	-8.302957224537444e-09	0.9659258395465191	-0.25881899562503646	4.806028366088867	-0.9063076450864805	-0.10938172009301474	-0.4082181913723246	4.363217830657959	0.0	0.0	0.0	1.0
-0.5000002907196134	0.22414378339240007	0.836516152651485	-8.619180679321289	-1.0161098407124314e-08	0.965925837520374	-0.25881900318671286	4.806028366088867	-0.8660252359373264	-0.12940958533703995	-0.48296319729622617	4.363217830657959	0.0	0.0	0.0	1.0
-0.5735766651900842	0.21201207004126474	0.791239970746069	-8.619180679321289	-6.550840342400832e-09	0.9659258376573538	-0.2588190026754975	4.806028366088867	-0.8191518840541246	-0.14845254562572202	-0.5540325193955864	4.363217830657959	0.0	0.0	0.0	1.0
-0.6427878901099486	0.19826679542099146	0.7399418937737552	-8.619180679321289	1.0497499536299415e-09	0.9659258387427256	-0.2588189986248345	4.806028366088867	-0.7660442078157113	-0.1663657172696731	-0.6208854320962496	4.363217830657959	0.0	0.0	0.0	1.0
-0.7071070125067452	0.18301260767015054	0.6830124876585768	-8.619180679321289	1.4953058652400486e-09	0.9659258396933333	-0.2588189950771182	4.806028366088867	-0.7071065498662743	-0.18301272536766644	-0.6830129350822819	4.363217830657959	0.0	0.0	0.0	1.0
-0.7660446009231685	0.16636559106117477	0.62088498090011	-8.619180679321289	2.831965634220168e-10	0.9659258412194371	-0.25881898938162	4.806028366088867	-0.642787421622782	-0.19826688925634833	-0.7399422756054335	4.363217830657959	0.0	0.0	0.0	1.0
-0.8191521596404772	0.14845243320849844	0.554032142055692	-8.619180679321289	1.4122746583300483e-09	0.965925840687277	-0.2588189913676683	4.806028366088867	-0.5735762716120167	-0.21201213495234997	-0.7912402386611821	4.363217830657959	0.0	0.0	0.0	1.0
-0.8660255058202788	0.12940944974699653	0.4829627496866711	-8.619180679321289	-1.4011741072961215e-09	0.9659258401638735	-0.2588189933210381	4.806028366088867	-0.4999998232686993	-0.22414385028346223	-0.8365164141314709	4.363217830657959	0.0	0.0	0.0	1.0
-0.9063078628191589	0.10938158944400206	0.4082177429790047	-8.619180679321289	-1.1946513778227086e-09	0.9659258404876788	-0.2588189921125791	4.806028366088867	-0.42261809922454685	-0.23456968808623815	-0.875426184003515	4.363217830657959	0.0	0.0	0.0	1.0
-0.9396926996490449	0.08852125486546833	0.33036588453309307	-8.619180679321289	2.2202074553834272e-09	0.9659258403685664	-0.2588189925571133	4.806028366088867	-0.3420199266509046	-0.24321031710295907	-0.907673460793246	4.363217830657959	0.0	0.0	0.0	1.0
-0.965925884304079	0.06698722958340159	0.24999979420816254	-8.619180679321289	-1.2340962904366926e-09	0.9659258380236522	-0.2588190013084535	4.806028366088867	-0.2588188285874561	-0.24999997302209032	-0.9330127691824861	4.363217830657959	0.0	0.0	0.0	1.0
-0.9848077925194395	0.04494338868423031	0.16773104544647313	-8.619180679321289	7.130228525664695e-10	0.9659258409966128	-0.25881899021321086	4.806028366088867	-0.173647953610138	-0.25488695829438657	-0.9512512952414031	4.363217830657959	0.0	0.0	0.0	1.0
-0.9961947182404299	0.022557501894708794	0.08418576161168863	-8.619180679321289	2.1178023744405916e-10	0.965925841095241	-0.2588189898451247	4.806028366088867	-0.08715551244683183	-0.2578341106462079	-0.9622502211158014	4.363217830657959	0.0	0.0	0.0	1.0
-0.9999999999999729	-6.016535337645026e-08	-2.2454019460747672e-07	-8.619180679321289	-1.5769675467827441e-15	0.9659258392692458	-0.2588189966598337	4.806028366088867	2.3246111232048393e-07	-0.2588189966598267	-0.9659258392692196	4.363217830657959	0.0	0.0	0.0	1.0
-0.9961946783282518	-0.022557619747933598	-0.08418620232424125	-8.619180679321289	1.5522135660139824e-11	0.9659258410978098	-0.25881898983553864	4.806028366088867	0.0871559686451275	-0.25783410032576426	-0.9622501825610286	4.363217830657959	0.0	0.0	0.0	1.0
-0.9961946781972115	-0.01513447116413955	-0.08583187586285264	-8.619180679321289	-3.428592331919389e-10	0.9848077622383178	-0.17364812534305388	4.806028366088867	0.08715597014292432	-0.17298733831624433	-0.9810602517943059	4.363217830657959	0.0	0.0	0.0	1.0
-0.9961946778995517	-0.0075961396450767	-0.08682431909955084	-8.619180679321289	1.4564973836381223e-10	0.9961947019259297	-0.08715569892271764	4.806028366088867	0.08715597354518011	-0.08682404342807297	-0.9924038602092354	4.363217830657959	0.0	0.0	0.0	1.0
-0.9961946781571851	3.8961755562278225e-09	-0.0871559706004242	-8.619180679321289	5.545831548322131e-17	0.9999999999999989	4.470348358396431e-08	4.806028366088867	0.08715597060042428	4.453337243659882e-08	-0.9961946781571842	4.363217830657959	0.0	0.0	0.0	1.0
-0.9961946778993451	0.007596147462189191	-0.08682431841801792	-8.619180679321289	-9.123539120373114e-11	0.9961946941333926	0.08715578799183007	4.806028366088867	0.08715597354754688	0.0868241321535062	-0.9924038524465584	4.363217830657959	0.0	0.0	0.0	1.0
-0.9961946781985648	0.015134478638733583	-0.08583187452917442	-8.619180679321289	1.6539442992263842e-10	0.9848077467586521	0.17364821313260537	4.806028366088867	0.08715597012745725	0.17298742578719545	-0.981060236372192	4.363217830657959	0.0	0.0	0.0	1.0
-0.9961946783196937	0.02255762796324315	-0.08418620022422685	-8.619180679321289	7.303353633664189e-10	0.9659258181252689	0.25881907557023237	4.806028366088867	0.08715596874294784	0.25783418566920396	-0.962250159684464	4.363217830657959	0.0	0.0	0.0	1.0
-0.9961946784027506	0.02980910045719093	-0.08189981838791313	-8.619180679321289	1.569977134407985e-11	0.9396926047245485	0.3420201874538881	4.806028366088867	0.08715596779360582	0.34071869064658883	-0.9361167721614828	4.363217830657959	0.0	0.0	0.0	1.0
-0.9999999999999735	7.833466980087273e-08	-2.152227001259197e-07	-8.619180679321289	1.4531670640966277e-15	0.9396926044096795	0.3420201883189842	4.806028366088867	2.2903521812660888e-07	0.3420201883189752	-0.9396926044096549	4.363217830657959	0.0	0.0	0.0	1.0
-0.9999999999999735	7.833466980087273e-08	-2.152227001259197e-07	-8.619180679321289	1.4531670640966277e-15	0.9396926044096795	0.3420201883189842	4.806028366088867	2.2903521812660888e-07	0.3420201883189752	-0.9396926044096549	4.563217639923096	0.0	0.0	0.0	1.0
-0.9999999999999735	7.833466980087273e-08	-2.152227001259197e-07	-8.619180679321289	1.4531670640966277e-15	0.9396926044096795	0.3420201883189842	4.806028366088867	2.2903521812660888e-07	0.3420201883189752	-0.9396926044096549	4.763217449188232	0.0	0.0	0.0	1.0
-0.9999999999999735	7.833466980087273e-08	-2.152227001259197e-07	-8.619180679321289	1.4531670640966277e-15	0.9396926044096795	0.3420201883189842	4.806028366088867	2.2903521812660888e-07	0.3420201883189752	-0.9396926044096549	4.963217258453369	0.0	0.0	0.0	1.0
-0.9999999999999735	7.833466980087273e-08	-2.152227001259197e-07	-8.619180679321289	1.4531670640966277e-15	0.9396926044096795	0.3420201883189842	4.806028366088867	2.2903521812660888e-07	0.3420201883189752	-0.9396926044096549	5.163217067718506	0.0	0.0	0.0	1.0
-0.9999999999999735	7.833466980087273e-08	-2.152227001259197e-07	-8.619180679321289	1.4531670640966277e-15	0.9396926044096795	0.3420201883189842	4.806028366088867	2.2903521812660888e-07	0.3420201883189752	-0.9396926044096549	5.363216876983643	0.0	0.0	0.0	1.0
-0.9999999999999735	7.833466980087273e-08	-2.152227001259197e-07	-8.619180679321289	1.4531670640966277e-15	0.9396926044096795	0.3420201883189842	4.806028366088867	2.2903521812660888e-07	0.3420201883189752	-0.9396926044096549	5.563216686248779	0.0	0.0	0.0	1.0
-0.9999999999999735	7.833466980087273e-08	-2.152227001259197e-07	-8.619180679321289	1.4531670640966277e-15	0.9396926044096795	0.3420201883189842	4.806028366088867	2.2903521812660888e-07	0.3420201883189752	-0.9396926044096549	5.763216495513916	0.0	0.0	0.0	1.0
-0.9999999999999735	7.833466980087273e-08	-2.152227001259197e-07	-8.619180679321289	1.4531670640966277e-15	0.9396926044096795	0.3420201883189842	4.806028366088867	2.2903521812660888e-07	0.3420201883189752	-0.9396926044096549	5.963216304779053	0.0	0.0	0.0	1.0
-0.9999999999999735	7.833466980087273e-08	-2.152227001259197e-07	-8.619180679321289	1.4531670640966277e-15	0.9396926044096795	0.3420201883189842	4.806028366088867	2.2903521812660888e-07	0.3420201883189752	-0.9396926044096549	6.1632161140441895	0.0	0.0	0.0	1.0
-0.9999999999999735	7.833466980087273e-08	-2.152227001259197e-07	-8.619180679321289	1.4531670640966277e-15	0.9396926044096795	0.3420201883189842	4.806028366088867	2.2903521812660888e-07	0.3420201883189752	-0.9396926044096549	6.363215923309326	0.0	0.0	0.0	1.0
-0.9961947185858708	-0.029808943409930774	0.0818993867767086	-8.619180679321289	-5.92958928485876e-11	0.9396926047238976	0.3420201874556768	4.806028366088867	-0.08715550849841544	0.34071870438823854	-0.9361168099219148	6.363215923309326	0.0	0.0	0.0	1.0
-0.984807794781315	-0.05939110235033894	0.16317568538104948	-8.619180679321289	-3.58981469550379e-10	0.9396926031299826	0.3420201918349224	4.806028366088867	-0.17364794078238788	0.33682415083305517	-0.9254166002820718	6.363215923309326	0.0	0.0	0.0	1.0
-0.9659258905198093	-0.08852125593830626	0.24321011753341695	-8.619180679321289	-4.787090009117367e-09	0.9396926113943566	0.34202016912874417	4.806028366088867	-0.25881880539001334	0.33036613527714925	-0.9076734228997382	6.363215923309326	0.0	0.0	0.0	1.0
-0.9396926953794196	-0.1169777249718705	0.3213936062073517	-8.619180679321289	-5.852926546201509e-10	0.9396926036424937	0.3420201904268091	4.806028366088867	-0.3420199383816107	0.3213938744282414	-0.8830222756133859	6.363215923309326	0.0	0.0	0.0	1.0
-0.9063078819961694	-0.14454390669163947	0.3971310640958928	-8.619180679321289	-3.1869079181179316e-09	0.9396926077173244	0.34202017923130595	4.806028366088867	-0.4226180580992931	0.309975582973455	-0.8516508174883937	6.363215923309326	0.0	0.0	0.0	1.0
-0.8660255177463685	-0.17101002954260858	0.4698461156676409	-8.619180679321289	3.3911202873548874e-09	0.9396926002943014	0.3420201996258907	4.806028366088867	-0.4999998026120951	0.296198222054033	-0.8137977701123882	6.363215923309326	0.0	0.0	0.0	1.0
-0.8191522068121407	-0.19617464188167966	0.5389853170146607	-8.619180679321289	-1.0147356968581711e-08	0.9396926090547041	0.34202017555688563	4.806028366088867	-0.5735762042438645	0.2801665761124223	-0.7697512764228732	6.363215923309326	0.0	0.0	0.0	1.0
-0.7660445737955494	-0.21984628207570672	0.6040226181327017	-8.619180679321289	2.2803967186790786e-09	0.9396926057304741	0.3420201846901312	4.806028366088867	-0.6427874539522336	0.26200270798783787	-0.7198464211542938	6.363215923309326	0.0	0.0	0.0	1.0
-0.7071069700018475	-0.2418447303374206	0.6644628352156552	-8.619180679321289	-6.55326774789966e-09	0.9396926064178426	0.34202018280160296	4.806028366088867	-0.7071065923711972	0.24184485078591658	-0.6644631932421325	6.363215923309326	0.0	0.0	0.0	1.0
-0.6427877812400821	-0.2620026084378432	0.7198461651354533	-8.619180679321289	-1.0358952168276758e-08	0.9396926107200995	0.34202017098125	4.806028366088867	-0.7660442991684306	0.2198463793875392	-0.6040229310065454	6.363215923309326	0.0	0.0	0.0	1.0
-0.5735766303243846	-0.28016649774399055	0.7697509874547684	-8.619180679321289	1.0491250646005312e-09	0.9396926007157371	0.3420201984680064	4.806028366088867	-0.8191519084673639	0.19617479374772134	-0.5389857151653601	6.363215923309326	0.0	0.0	0.0	1.0
-0.5000001877870741	-0.29619813100009595	0.8137975666005282	-8.619180679321289	-1.4278301652126402e-08	0.9396926087462731	0.34202017640429305	4.806028366088867	-0.8660252953654939	0.17101014080946755	-0.46984648506446836	6.363215923309326	0.0	0.0	0.0	1.0
-0.4226184553144321	-0.3099755336125529	0.8516506383425405	-8.619180679321289	-1.7321444195639302e-08	0.9396926053699548	0.34202018568065007	4.806028366088867	-0.9063076967717109	0.14454402780689254	-0.3971314427210684	6.363215923309326	0.0	0.0	0.0	1.0
-0.3420203295948174	-0.3213938331936518	0.8830221390933207	-8.619180679321289	7.91442936187714e-09	0.9396925998384604	0.34202020087830365	4.806028366088867	-0.9396925529894619	0.11697786882109937	-0.32139397017091226	6.363215923309326	0.0	0.0	0.0	1.0
-0.25881927995482834	-0.33036611421020323	0.9076732952474229	-8.619180679321289	3.813267174246349e-09	0.9396926030339865	0.3420201920986698	4.806028366088867	-0.9659257633605516	0.08852142331019053	-0.24321056163636046	6.363215923309326	0.0	0.0	0.0	1.0
-0.17364838565099217	-0.33682413202189154	0.9254165236521896	-8.619180679321289	-8.218927288750066e-09	0.9396926006840726	0.34202019855500376	4.806028366088867	-0.9848077163389837	0.05939124773317708	-0.16317610588530462	6.363215923309326	0.0	0.0	0.0	1.0
-0.17364842082979381	-0.4161977744961688	0.892538872233448	-8.619180679321289	-1.158682452762072e-08	0.9063077633302742	0.4226183125791829	4.806028366088867	-0.9848077101360035	0.073386992251436	-0.1573789167104952	6.363215923309326	0.0	0.0	0.0	1.0
-0.17364839445629937	-0.49240393506259983	0.8528684540054325	-8.619180679321289	7.400622420439262e-09	0.8660253575977412	0.500000079997698	4.806028366088867	-0.9848077147863685	0.08682421743137894	-0.15038390926119466	6.363215923309326	0.0	0.0	0.0	1.0
-0.17364838677102562	-0.5648625760791265	0.8067072008585723	-8.619180679321289	1.0073593514903223e-08	0.8191519894014854	0.5735765147385206	4.806028366088867	-0.9848077161414912	0.09960064460053195	-0.14224441578964825	6.363215923309326	0.0	0.0	0.0	1.0
-0.08715598648545292	-0.571393859024234	0.8160348594815916	-8.619180679321289	9.937655975900128e-09	0.8191519971104191	0.5735765037290241	4.806028366088867	-0.9961946767674212	0.04999063411685384	-0.07139399471137181	6.363215923309326	0.0	0.0	0.0	1.0
-1.797953298465771e-07	-0.5735764723182288	0.8191520191044782	-8.619180679321289	9.59903317943045e-09	0.8191520191044904	0.5735764723182395	4.806028366088867	-0.9999999999999837	1.1098943841769682e-07	-1.4177392781977716e-07	6.363215923309326	0.0	0.0	0.0	1.0
0.08715553851843999	-0.5713938777061985	0.8160348942449914	-8.619180679321289	3.768623524358361e-09	0.819152000467537	0.573576498934564	4.806028366088867	-0.9961947159594656	-0.04999036557083508	0.07139363588257402	6.363215923309326	0.0	0.0	0.0	1.0
0.17364794146019386	-0.5648626178285749	0.8067072674808914	-8.619180679321289	3.3643356434076566e-09	0.8191519930983264	0.5735765094588858	4.806028366088867	-0.9848077946617996	-0.09960037742342498	0.14224405924492672	6.363215923309326	0.0	0.0	0.0	1.0
0.25881872419180546	-0.5540323923507815	0.7912401507973388	-8.619180679321289	-1.6468266306191026e-08	0.8191520056518193	0.5735764915306424	4.806028366088867	-0.9659259122767778	-0.14845234879472632	0.21201186789800958	6.363215923309326	0.0	0.0	0.0	1.0
0.3420198412178254	-0.5389856576350569	0.7697511864732909	-8.619180679321289	-1.7214888181626975e-08	0.8191520035348405	0.5735764945540017	4.806028366088867	-0.9396927307441159	-0.1961745548448172	0.2801662289036719	6.363215923309326	0.0	0.0	0.0	1.0
0.42261801529185167	-0.5198368896742958	0.7424039475141078	-8.619180679321289	6.261453633360503e-09	0.8191520204428764	0.5735764704068266	4.806028366088867	-0.9063079019575941	-0.2424037448929107	0.34618840435681336	6.363215923309326	0.0	0.0	0.0	1.0
0.49999978621308305	-0.4967318728915049	0.7094065549743455	-8.619180679321289	-9.694188646269808e-09	0.8191520109990849	0.5735764838939572	4.806028366088867	-0.8660255272143375	-0.2867881262009514	0.409575825560147	6.363215923309326	0.0	0.0	0.0	1.0
0.5735762282856192	-0.4698464623477707	0.6710101431162784	-8.619180679321289	-3.319953451041968e-09	0.8191519844952423	0.5735765217453611	4.806028366088867	-0.8191521899779329	-0.3289898602036111	0.46984610409959265	6.363215923309326	0.0	0.0	0.0	1.0
0.6427873522713508	-0.43938521597799407	0.6275070132994193	-8.619180679321289	4.126628844192126e-09	0.8191520002829521	0.5735764991981787	4.806028366088867	-0.7660446591158939	-0.3686877166551793	0.5265405471828393	6.363215923309326	0.0	0.0	0.0	1.0
0.7071066057978204	-0.4055799327851695	0.5792280778407266	-8.619180679321289	2.1842475383948567e-08	0.8191520127379287	0.5735764814106306	4.806028366088867	-0.7071069565752306	-0.40557970628395257	0.5792278082184394	6.363215923309326	0.0	0.0	0.0	1.0
0.7660442725713947	-0.3686879937725446	0.526540915512307	-8.619180679321289	1.0670314437577488e-08	0.8191519963558217	0.5735765048067009	4.806028366088867	-0.6427878129371792	-0.4393849907703352	0.6275066991078182	6.363215923309326	0.0	0.0	0.0	1.0
0.8191518576947289	-0.32899011896206354	0.4698465022330192	-8.619180679321289	-4.5499929102188474e-09	0.8191519944460429	0.573576507534148	4.806028366088867	-0.573576702835179	-0.46984626381445016	0.6710098764879154	6.363215923309326	0.0	0.0	0.0	1.0
0.8660252422916314	-0.28678840500257075	0.4095762327940941	-8.619180679321289	3.262043274387949e-09	0.8191520105729237	0.5735764845025779	4.806028366088867	-0.5000002797136422	-0.4967317126280719	0.7094063193656097	6.363215923309326	0.0	0.0	0.0	1.0
0.9063076449368914	-0.24240407559339733	0.3461888456675862	-8.619180679321289	6.830650503553137e-09	0.8191520124313167	0.5735764818485182	4.806028366088867	-0.4226185664744809	-0.5198367480906233	0.7424037328877195	6.363215923309326	0.0	0.0	0.0	1.0
0.9396925071249445	-0.1961748918880094	0.2801667429334963	-8.619180679321289	8.094426989790904e-09	0.8191520205992054	0.5735764701835655	4.806028366088867	-0.3420204556064387	-0.5389855090268814	0.7697510175412549	6.363215923309326	0.0	0.0	0.0	1.0
0.9659257360269761	-0.14845271560172463	0.212012414049787	-8.619180679321289	3.934522194160017e-09	0.8191520071642442	0.5735764893706768	4.806028366088867	-0.2588193819650005	-0.5540322918289725	0.7912400060221878	6.363215923309326	0.0	0.0	0.0	1.0
0.9848076926190141	-0.09960071242085822	0.14224453115558136	-8.619180679321289	1.625704106056336e-09	0.8191519969869896	0.5735765039053006	4.806028366088867	-0.17364852017340562	-0.5648625531202124	0.806707188218936	6.363215923309326	0.0	0.0	0.0	1.0
0.9961946672596622	-0.04999068625972319	0.07139409086677115	-8.619180679321289	-2.701125295656581e-10	0.8191520120534116	0.5735764823882229	4.806028366088867	-0.08715609515926498	-0.5713938330399876	0.8160348660691281	6.363215923309326	0.0	0.0	0.0	1.0
0.999999999999936	-2.0512692390148525e-07	2.9295156017909784e-07	-8.619180679321289	1.7700072819042852e-15	0.8191520035971007	0.5735764944650851	4.806028366088867	-3.5762783940942476e-07	-0.5735764944650484	0.8191520035970483	6.363215923309326	0.0	0.0	0.0	1.0
0.9961947294067434	0.04999028014727835	-0.07139350805936447	-8.619180679321289	1.7805456067887526e-09	0.8191519915106953	0.5735765117262582	4.806028366088867	0.08715538481485759	-0.5713938980203229	0.8160348964369818	6.363215923309326	0.0	0.0	0.0	1.0
0.9848078144868209	0.09960031238226011	-0.1422439675313071	-8.619180679321289	2.785071749611401e-09	0.8191519972083284	0.5735765035891957	4.806028366088867	0.1736478290267153	-0.5648626233368276	0.8067072878258543	6.363215923309326	0.0	0.0	0.0	1.0
0.965925924895433	0.14845231359520863	-0.21201183505439558	-8.619180679321289	-1.246382413944147e-09	0.8191519952187519	0.573576506430605	4.806028366088867	0.25881867709827744	-0.5540324172080257	0.7912401487966406	6.363215923309326	0.0	0.0	0.0	1.0
0.9396927492007466	0.19617451044647533	-0.28016619808718685	-8.619180679321289	-8.146845587031493e-09	0.8191520205939058	0.5735764701911347	4.806028366088867	0.3420197905085947	-0.5389856478682965	0.7697512158434373	6.363215923309326	0.0	0.0	0.0	1.0
0.9063079408605998	0.24240371387709586	-0.34618832422773904	-8.619180679321289	-5.256097085348799e-10	0.8191520008960739	0.5735764983225501	4.806028366088867	0.4226179318640172	-0.5198369349387838	0.7424039633113708	6.363215923309326	0.0	0.0	0.0	1.0
0.8660255767147825	0.2867880652539251	-0.4095757635697435	-8.619180679321289	-1.7781406624894913e-09	0.8191520196178131	0.5735764715851389	4.806028366088867	0.49999970047573833	-0.4967318938662667	0.709406600716545	6.363215923309326	0.0	0.0	0.0	1.0
0.8660255757178295	0.2499998958978487	-0.4330124181287027	-8.619180679321289	-1.6481302433923872e-10	0.8660253522004848	0.5000000893460179	4.806028366088867	0.499999702202513	-0.43301286516348536	0.7500001042668643	6.363215923309326	0.0	0.0	0.0	1.0
0.8660255712850826	0.21130902999234435	-0.45315362044679797	-8.619180679321289	2.0730655386769214e-09	0.906307765251662	0.4226183084587535	4.806028366088867	0.499999709880262	-0.36599826295794446	0.7848856997241198	6.363215923309326	0.0	0.0	0.0	1.0
0.866025588852072	0.17101000731839047	-0.4698459926937613	-8.619180679321289	-7.069148599825326e-09	0.9396925920059445	0.3420202223979595	4.806028366088867	0.4999996794533192	-0.2961982611800984	0.813797831540773	6.363215923309326	0.0	0.0	0.0	1.0
0.8660255793378709	0.1294094993066442	-0.4829626045789763	-8.619180679321289	-3.1184292648145373e-10	0.9659257967112014	0.25881915548859735	4.806028366088867	0.4999996959324125	-0.22414400892514258	0.8365164477345682	6.363215923309326	0.0	0.0	0.0	1.0
0.8660255699403389	0.08682410472292432	-0.49240358147415453	-8.619180679321289	-2.199261786572926e-09	0.9848077304465347	0.1736483056431758	4.806028366088867	0.49999971220942885	-0.15038387178088108	0.8528686762325606	6.363215923309326	0.0	0.0	0.0	1.0
0.866025585345765	0.04357790977403472	-0.4980970300114737	-8.619180679321289	-1.6152477133601906e-09	0.9961946868205899	0.0871558715774607	4.806028366088867	0.499999685526426	-0.07547921389464064	0.8627300868425316	6.363215923309326	0.0	0.0	0.0	1.0
0.8660255764768051	6.705518574881144e-08	-0.49999970088792356	-8.619180679321289	1.3484665390963853e-15	0.9999999999999911	1.3411045406134748e-07	4.806028366088867	0.499999700887928	-1.161430839642774e-07	0.8660255764767973	6.363215923309326	0.0	0.0	0.0	1.0
0.906307939477908	5.667748158956165e-08	-0.42261793482920845	-8.619180679321289	-1.0102729681043041e-15	0.9999999999999908	1.3411044823937168e-07	4.806028366088867	0.4226179348292122	-1.2154536357932415e-07	0.9063079394778998	6.363215923309326	0.0	0.0	0.0	1.0
0.9396927319472835	4.586843449712101e-08	-0.34201983791214335	-8.619180679321289	7.458033018828325e-16	0.9999999999999911	1.3411045241688301e-07	4.806028366088867	0.34201983791214646	-1.260226176693865e-07	0.9396927319472751	6.363215923309326	0.0	0.0	0.0	1.0
0.9659259044757604	3.4710299191544296e-08	-0.25881875330563486	-8.619180679321289	-9.157274152295752e-16	0.9999999999999911	1.3411044549013157e-07	4.806028366088867	0.2588187533056372	-1.2954075312269504e-07	0.9659259044757518	6.363215923309326	0.0	0.0	0.0	1.0
0.9848078064586164	2.3287993964620117e-08	-0.1736478745570117	-8.619180679321289	-3.206683137296019e-16	0.999999999999991	1.3411044453168578e-07	4.806028366088867	0.17364787455701325	-1.3207301264675607e-07	0.9848078064586075	6.363215923309326	0.0	0.0	0.0	1.0
0.9961947253198404	1.1688454644702665e-08	-0.08715543152854692	-8.619180679321289	1.0481666033106422e-16	0.9999999999999909	1.3411045696322346e-07	4.806028366088867	0.0871554315285477	-1.3360012984613204e-07	0.9961947253198314	6.363215923309326	0.0	0.0	0.0	1.0
0.9999999999999536	-4.096722600877713e-14	3.054737760521578e-07	-8.619180679321289	2.117582399690187e-22	0.9999999999999913	1.3411045074462832e-07	4.806028366088867	-3.0547377605216053e-07	-1.3411045074462208e-07	0.9999999999999446	6.363215923309326	0.0	0.0	0.0	1.0
0.9961946716697373	-1.1688536502276956e-08	0.08715604475206577	-8.619180679321289	5.5458315069631e-17	0.999999999999991	1.3411045074704967e-07	4.806028366088867	-0.08715604475206655	-1.3360011644460408e-07	0.9961946716697283	6.363215923309326	0.0	0.0	0.0	1.0
0.9848077015459382	-2.3288074455602502e-08	0.17364846954639568	-8.619180679321289	-3.760196040356777e-16	0.9999999999999909	1.3411045249487296e-07	4.806028366088867	-0.17364846954639723	-1.3207300654005684e-07	0.9848077015459293	6.363215923309326	0.0	0.0	0.0	1.0
0.965925755147601	-3.471037431427926e-08	0.25881931060594243	-8.619180679321289	-7.880819257410713e-16	0.9999999999999909	1.3411045332840262e-07	4.806028366088867	-0.25881931060594476	-1.2954074110839523e-07	0.9659257551475924	6.363215923309326	0.0	0.0	0.0	1.0
0.9396925241045281	-4.58685108750682e-08	0.3420204089554591	-8.619180679321289	1.208495850031327e-15	0.9999999999999913	1.3411044644831908e-07	4.806028366088867	-0.3420204089554622	-1.2602258351847581e-07	0.9396925241045196	6.363215923309326	0.0	0.0	0.0	1.0
0.906307673132624	-5.667755657915464e-08	0.4226185060085819	-8.619180679321289	1.3211156731759765e-15	0.999999999999991	1.3411044375956866e-07	4.806028366088867	-0.4226185060085857	-1.2154532366819039e-07	0.9063076731326157	6.363215923309326	0.0	0.0	0.0	1.0
