1.0	0.0	0.0	0.4622022211551666	0.0	1.0	0.0	1.5688230991363525	0.0	0.0	1.0	-1.872617244720459	0.0	0.0	0.0	1.0
0.9961946982682389	-0.0	-0.08715574073032861	0.4622022211551666	0.0	0.9999999999999999	-0.0	1.5688230991363525	0.08715574073032861	0.0	0.9961946982682389	-1.872617244720459	0.0	0.0	0.0	1.0
0.9848077531002408	-0.0	-0.17364817716767306	0.4622022211551666	0.0	1.0000000000000002	-0.0	1.5688230991363525	0.17364817716767306	0.0	0.9848077531002408	-1.872617244720459	0.0	0.0	0.0	1.0
0.9659258316218277	-0.0	-0.25881902520039096	0.4622022211551666	0.0	0.9999999999999999	-0.0	1.5688230991363525	0.25881902520039096	0.0	0.9659258316218277	-1.872617244720459	0.0	0.0	0.0	1.0
0.93969262448596	-0.0	-0.3420201331598604	0.4622022211551666	0.0	1.0	-0.0	1.5688230991363525	0.3420201331598604	0.0	0.93969262448596	-1.872617244720459	0.0	0.0	0.0	1.0
0.9063077933127555	-0.0	-0.4226182482815481	0.4622022211551666	0.0	1.0000000000000002	-0.0	1.5688230991363525	0.4226182482815481	0.0	0.9063077933127555	-1.872617244720459	0.0	0.0	0.0	1.0
0.8660253883290534	-0.0	-0.5000000267695114	0.4622022211551666	0.0	1.0	-0.0	1.5688230991363525	0.5000000267695114	0.0	0.8660253883290534	-1.872617244720459	0.0	0.0	0.0	1.0
0.8191520362026039	-0.0	-0.5735764478996047	0.4622022211551666	0.0	1.0	-0.0	1.5688230991363525	0.5735764478996047	0.0	0.8191520362026039	-1.872617244720459	0.0	0.0	0.0	1.0
0.7660444185289921	-0.0	-0.6427876389917426	0.4622022211551666	0.0	1.0000000000000002	-0.0	1.5688230991363525	0.6427876389917426	0.0	0.7660444185289921	-1.872617244720459	0.0	0.0	0.0	1.0
0.7071068129364553	-0.0	-0.7071067494366384	0.4622022211551666	0.0	1.0	-0.0	1.5688230991363525	0.7071067494366384	0.0	0.7071068129364553	-1.872617244720459	0.0	0.0	0.0	1.0
0.6427876174094395	-0.0	-0.7660444366386953	0.4622022211551666	0.0	0.9999999999999999	-0.0	1.5688230991363525	0.7660444366386953	0.0	0.6427876174094395	-1.872617244720459	0.0	0.0	0.0	1.0
0.5735764419101737	-0.0	-0.8191520403964487	0.4622022211551666	0.0	1.0	-0.0	1.5688230991363525	0.8191520403964487	0.0	0.5735764419101737	-1.872617244720459	0.0	0.0	0.0	1.0
0.4999999487509984	-0.0	-0.8660254333730614	0.4622022211551666	0.0	0.9999999999999999	-0.0	1.5688230991363525	0.8660254333730614	0.0	0.4999999487509984	-1.872617244720459	0.0	0.0	0.0	1.0
0.42261816429975646	-0.0	-0.9063078324741014	0.4622022211551666	0.0	1.0	-0.0	1.5688230991363525	0.9063078324741014	0.0	0.42261816429975646	-1.872617244720459	0.0	0.0	0.0	1.0
0.3420200439022877	-0.0	-0.9396926569730536	0.4622022211551666	0.0	0.9999999999999999	-0.0	1.5688230991363525	0.9396926569730536	0.0	0.3420200439022877	-1.872617244720459	0.0	0.0	0.0	1.0
0.2588189978133274	-0.0	-0.965925838960168	0.4622022211551666	0.0	0.9999999999999999	-0.0	1.5688230991363525	0.965925838960168	0.0	0.2588189978133274	-1.872617244720459	0.0	0.0	0.0	1.0
0.17364820781723544	-0.0	-0.9848077476958955	0.4622022211551666	0.0	1.0000000000000002	-0.0	1.5688230991363525	0.9848077476958955	0.0	0.17364820781723544	-1.872617244720459	0.0	0.0	0.0	1.0
0.08715579847029697	-0.0	-0.9961946932166444	0.4622022211551666	0.0	0.9999999999999997	-0.0	1.5688230991363525	0.9961946932166444	0.0	0.08715579847029697	-1.872617244720459	0.0	0.0	0.0	1.0
0.08715579847029697	-0.0	-0.9961946932166444	0.6614412069320679	0.0	0.9999999999999997	-0.0	1.5688230991363525	0.9961946932166444	0.0	0.08715579847029697	-1.8900483846664429	0.0	0.0	0.0	1.0
0.08715579847029697	-0.0	-0.9961946932166444	0.8606801629066467	0.0	0.9999999999999997	-0.0	1.5688230991363525	0.9961946932166444	0.0	0.08715579847029697	-1.9074795246124268	0.0	0.0	0.0	1.0
8.429369502405137e-08	-0.0	-0.9999999999999963	0.8606801629066467	0.0	0.9999999999999999	-0.0	1.5688230991363525	0.9999999999999963	0.0	8.429369502405137e-08	-1.9074795246124268	0.0	0.0	0.0	1.0
8.429369502405137e-08	-0.0	-0.9999999999999963	1.0606801509857178	0.0	0.9999999999999999	-0.0	1.5688230991363525	0.9999999999999963	0.0	8.429369502405137e-08	-1.9074795246124268	0.0	0.0	0.0	1.0
8.429369502405137e-08	-0.0	-0.9999999999999963	1.2606801986694336	0.0	0.9999999999999999	-0.0	1.5688230991363525	0.9999999999999963	0.0	8.429369502405137e-08	-1.9074795246124268	0.0	0.0	0.0	1.0
8.429369502405137e-08	-0.0	-0.9999999999999963	1.4606802463531494	0.0	0.9999999999999999	-0.0	1.5688230991363525	0.9999999999999963	0.0	8.429369502405137e-08	-1.9074795246124268	0.0	0.0	0.0	1.0
8.429369502405137e-08	-0.0	-0.9999999999999963	1.6606802940368652	0.0	0.9999999999999999	-0.0	1.5688230991363525	0.9999999999999963	0.0	8.429369502405137e-08	-1.9074795246124268	0.0	0.0	0.0	1.0
8.429369502405137e-08	-0.0	-0.9999999999999963	1.860680341720581	0.0	0.9999999999999999	-0.0	1.5688230991363525	0.9999999999999963	0.0	8.429369502405137e-08	-1.9074795246124268	0.0	0.0	0.0	1.0
8.429369502405137e-08	-0.0	-0.9999999999999963	2.060680389404297	0.0	0.9999999999999999	-0.0	1.5688230991363525	0.9999999999999963	0.0	8.429369502405137e-08	-1.9074795246124268	0.0	0.0	0.0	1.0
8.429369502405137e-08	-0.0	-0.9999999999999963	2.2606804370880127	0.0	0.9999999999999999	-0.0	1.5688230991363525	0.9999999999999963	0.0	8.429369502405137e-08	-1.9074795246124268	0.0	0.0	0.0	1.0
8.429369502405137e-08	-0.0	-0.9999999999999963	2.4606804847717285	0.0	0.9999999999999999	-0.0	1.5688230991363525	0.9999999999999963	0.0	8.429369502405137e-08	-1.9074795246124268	0.0	0.0	0.0	1.0
8.429369502405137e-08	-0.0	-0.9999999999999963	2.6606805324554443	0.0	0.9999999999999999	-0.0	1.5688230991363525	0.9999999999999963	0.0	8.429369502405137e-08	-1.9074795246124268	0.0	0.0	0.0	1.0
8.429369502405137e-08	-0.0	-0.9999999999999963	2.86068058013916	0.0	0.9999999999999999	-0.0	1.5688230991363525	0.9999999999999963	0.0	8.429369502405137e-08	-1.9074795246124268	0.0	0.0	0.0	1.0
8.429369502405137e-08	-0.0	-0.9999999999999963	3.060680627822876	0.0	0.9999999999999999	-0.0	1.5688230991363525	0.9999999999999963	0.0	8.429369502405137e-08	-1.9074795246124268	0.0	0.0	0.0	1.0
8.429369502405137e-08	-0.0	-0.9999999999999963	3.260680675506592	0.0	0.9999999999999999	-0.0	1.5688230991363525	0.9999999999999963	0.0	8.429369502405137e-08	-1.9074795246124268	0.0	0.0	0.0	1.0
8.429369502405137e-08	-0.0	-0.9999999999999963	3.4606807231903076	0.0	0.9999999999999999	-0.0	1.5688230991363525	0.9999999999999963	0.0	8.429369502405137e-08	-1.9074795246124268	0.0	0.0	0.0	1.0
8.429369502405137e-08	-0.0	-0.9999999999999963	3.6606807708740234	0.0	0.9999999999999999	-0.0	1.5688230991363525	0.9999999999999963	0.0	8.429369502405137e-08	-1.9074795246124268	0.0	0.0	0.0	1.0
8.429369502405137e-08	-0.0	-0.9999999999999963	3.8606808185577393	0.0	0.9999999999999999	-0.0	1.5688230991363525	0.9999999999999963	0.0	8.429369502405137e-08	-1.9074795246124268	0.0	0.0	0.0	1.0
8.429369502405137e-08	-0.0	-0.9999999999999963	4.060680866241455	0.0	0.9999999999999999	-0.0	1.5688230991363525	0.9999999999999963	0.0	8.429369502405137e-08	-1.9074795246124268	0.0	0.0	0.0	1.0
8.429369502405137e-08	-0.0	-0.9999999999999963	4.260680675506592	0.0	0.9999999999999999	-0.0	1.5688230991363525	0.9999999999999963	0.0	8.429369502405137e-08	-1.9074795246124268	0.0	0.0	0.0	1.0
8.429369502405137e-08	-0.0	-0.9999999999999963	4.4606804847717285	0.0	0.9999999999999999	-0.0	1.5688230991363525	0.9999999999999963	0.0	8.429369502405137e-08	-1.9074795246124268	0.0	0.0	0.0	1.0
8.429369502405137e-08	-0.0	-0.9999999999999963	4.660680294036865	0.0	0.9999999999999999	-0.0	1.5688230991363525	0.9999999999999963	0.0	8.429369502405137e-08	-1.9074795246124268	0.0	0.0	0.0	1.0
8.429369502405137e-08	-0.0	-0.9999999999999963	4.860680103302002	0.0	0.9999999999999999	-0.0	1.5688230991363525	0.9999999999999963	0.0	8.429369502405137e-08	-1.9074795246124268	0.0	0.0	0.0	1.0
8.429369502405137e-08	-0.0	-0.9999999999999963	5.060679912567139	0.0	0.9999999999999999	-0.0	1.5688230991363525	0.9999999999999963	0.0	8.429369502405137e-08	-1.9074795246124268	0.0	0.0	0.0	1.0
8.429369502405137e-08	-0.0	-0.9999999999999963	5.260679721832275	0.0	0.9999999999999999	-0.0	1.5614194869995117	0.9999999999999963	0.0	8.429369502405137e-08	-1.9074795246124268	0.0	0.0	0.0	1.0
8.429369502405137e-08	-0.0	-0.9999999999999963	5.460679531097412	0.0	0.9999999999999999	-0.0	1.5328480005264282	0.9999999999999963	0.0	8.429369502405137e-08	-1.9074795246124268	0.0	0.0	0.0	1.0
8.429369502405137e-08	-0.0	-0.9999999999999963	5.660679340362549	0.0	0.9999999999999999	-0.0	1.5042766332626343	0.9999999999999963	0.0	8.429369502405137e-08	-1.9074795246124268	0.0	0.0	0.0	1.0
0.08715579847029697	-0.0	-0.9961946932166444	5.660679340362549	0.0	0.9999999999999997	-0.0	1.5042766332626343	0.9961946932166444	0.0	0.08715579847029697	-1.9074795246124268	0.0	0.0	0.0	1.0
0.17364820781723544	-0.0	-0.9848077476958955	5.660679340362549	0.0	1.0000000000000002	-0.0	1.5042766332626343	0.9848077476958955	0.0	0.17364820781723544	-1.9074795246124268	0.0	0.0	0.0	1.0
0.2588189978133274	-0.0	-0.965925838960168	5.660679340362549	0.0	0.9999999999999999	-0.0	1.5042766332626343	0.965925838960168	0.0	0.2588189978133274	-1.9074795246124268	0.0	0.0	0.0	1.0
0.342020071411683	-0.0	-0.9396926469604555	5.660679340362549	0.0	1.0	-0.0	1.5042766332626343	0.9396926469604555	0.0	0.342020071411683	-1.9074795246124268	0.0	0.0	0.0	1.0
0.4226181973700063	-0.0	-0.9063078170531941	5.660679340362549	0.0	0.9999999999999998	-0.0	1.5042766332626343	0.9063078170531941	0.0	0.4226181973700063	-1.9074795246124268	0.0	0.0	0.0	1.0
0.4999999865388261	-0.0	-0.8660254115562508	5.660679340362549	0.0	1.0	-0.0	1.5042766332626343	0.8660254115562508	0.0	0.4999999865388261	-1.9074795246124268	0.0	0.0	0.0	1.0
0.5735763968201745	-0.0	-0.8191520719688046	5.660679340362549	0.0	0.9999999999999999	-0.0	1.5042766332626343	0.8191520719688046	0.0	0.5735763968201745	-1.9074795246124268	0.0	0.0	0.0	1.0
0.5735763968201745	-0.0	-0.8191520719688046	5.824509620666504	0.0	0.9999999999999999	-0.0	1.5002193450927734	0.8191520719688046	0.0	0.5735763968201745	-2.0221948623657227	0.0	0.0	0.0	1.0
0.5735763968201745	-0.0	-0.8191520719688046	5.988339900970459	0.0	0.9999999999999999	-0.0	1.505605936050415	0.8191520719688046	0.0	0.5735763968201745	-2.1369102001190186	0.0	0.0	0.0	1.0
0.5735763968201745	-0.0	-0.8191520719688046	6.152170181274414	0.0	0.9999999999999999	-0.0	1.4964350461959839	0.8191520719688046	0.0	0.5735763968201745	-2.2516255378723145	0.0	0.0	0.0	1.0
0.5735763968201745	-0.0	-0.8191520719688046	6.316000461578369	0.0	0.9999999999999999	-0.0	1.4872642755508423	0.8191520719688046	0.0	0.5735763968201745	-2.3663408756256104	0.0	0.0	0.0	1.0
0.5735763968201745	-0.0	-0.8191520719688046	6.479830741882324	0.0	0.9999999999999999	-0.0	1.4780933856964111	0.8191520719688046	0.0	0.5735763968201745	-2.4810562133789062	0.0	0.0	0.0	1.0
0.5735763968201745	-0.0	-0.8191520719688046	6.643661022186279	0.0	0.9999999999999999	-0.0	1.4689226150512695	0.8191520719688046	0.0	0.5735763968201745	-2.595771551132202	0.0	0.0	0.0	1.0
0.5735763968201745	-0.0	-0.8191520719688046	6.807491302490234	0.0	0.9999999999999999	-0.0	1.4735000133514404	0.8191520719688046	0.0	0.5735763968201745	-2.710486888885498	0.0	0.0	0.0	1.0
0.5735763968201745	-0.0	-0.8191520719688046	6.9713215827941895	0.0	0.9999999999999999	-0.0	1.4967550039291382	0.8191520719688046	0.0	0.5735763968201745	-2.825202226638794	0.0	0.0	0.0	1.0
0.5735763968201745	-0.0	-0.8191520719688046	7.1351518630981445	0.0	0.9999999999999999	-0.0	1.5200098752975464	0.8191520719688046	0.0	0.5735763968201745	-2.93991756439209	0.0	0.0	0.0	1.0
0.5735763968201745	-0.0	-0.8191520719688046	7.2989821434021	0.0	0.9999999999999999	-0.0	1.5432648658752441	0.8191520719688046	0.0	0.5735763968201745	-3.0546329021453857	0.0	0.0	0.0	1.0
0.5735763968201745	-0.0	-0.8191520719688046	7.462812423706055	0.0	0.9999999999999999	-0.0	1.566519856452942	0.8191520719688046	0.0	0.5735763968201745	-3.1693482398986816	0.0	0.0	0.0	1.0
0.6427875374342612	-0.0	-0.7660445037458323	7.462812423706055	0.0	1.0	-0.0	1.566519856452942	0.7660445037458323	0.0	0.6427875374342612	-3.1693482398986816	0.0	0.0	0.0	1.0
0.7071067283784243	-0.0	-0.7071068339946665	7.462812423706055	0.0	0.9999999999999998	-0.0	1.566519856452942	0.7071068339946665	0.0	0.7071067283784243	-3.1693482398986816	0.0	0.0	0.0	1.0
0.7660443825264291	-0.0	-0.6427876818979202	7.462812423706055	0.0	1.0	-0.0	1.566519856452942	0.6427876818979202	0.0	0.7660443825264291	-3.1693482398986816	0.0	0.0	0.0	1.0
0.8191520035971006	-0.0	-0.5735764944650851	7.462812423706055	0.0	1.0	-0.0	1.566519856452942	0.5735764944650851	0.0	0.8191520035971006	-3.1693482398986816	0.0	0.0	0.0	1.0
0.8660253595422194	-0.0	-0.5000000766297636	7.462812423706055	0.0	1.0	-0.0	1.566519856452942	0.5000000766297636	0.0	0.8660253595422194	-3.1693482398986816	0.0	0.0	0.0	1.0
0.9063077564233942	-0.0	-0.42261832739103217	7.462812423706055	0.0	1.0	-0.0	1.566519856452942	0.42261832739103217	0.0	0.9063077564233942	-3.1693482398986816	0.0	0.0	0.0	1.0
0.9396925872915551	-0.0	-0.34202023535063386	7.462812423706055	0.0	1.0	-0.0	1.566519856452942	0.34202023535063386	0.0	0.9396925872915551	-3.1693482398986816	0.0	0.0	0.0	1.0
0.9659257933847246	-0.0	-0.2588191679031721	7.462812423706055	0.0	1.0	-0.0	1.566519856452942	0.2588191679031721	0.0	0.9659257933847246	-3.1693482398986816	0.0	0.0	0.0	1.0
0.9848077299008152	-0.0	-0.17364830873810175	7.462812423706055	0.0	1.0	-0.0	1.566519856452942	0.17364830873810175	0.0	0.9848077299008152	-3.1693482398986816	0.0	0.0	0.0	1.0
0.9961946865908591	-0.0	-0.08715587420328821	7.462812423706055	0.0	0.9999999999999998	-0.0	1.566519856452942	0.08715587420328821	0.0	0.9961946865908591	-3.1693482398986816	0.0	0.0	0.0	1.0
0.9999999999999911	-0.0	-1.3411045074462832e-07	7.462812423706055	0.0	1.0	-0.0	1.566519856452942	1.3411045074462832e-07	0.0	0.9999999999999911	-3.1693482398986816	0.0	0.0	0.0	1.0
0.996194709945601	0.0	0.08715560725736668	7.462812423706055	0.0	1.0000000000000002	0.0	1.566519856452942	-0.08715560725736668	0.0	0.996194709945601	-3.1693482398986816	0.0	0.0	0.0	1.0
0.9848077762996489	0.0	0.17364804559723968	7.462812423706055	0.0	1.0000000000000002	0.0	1.566519856452942	-0.17364804559723968	0.0	0.9848077762996489	-3.1693482398986816	0.0	0.0	0.0	1.0
0.9659258622114956	0.0	0.25881891103816007	7.462812423706055	0.0	1.0	0.0	1.566519856452942	-0.25881891103816007	0.0	0.9659258622114956	-3.1693482398986816	0.0	0.0	0.0	1.0
0.9396926646385115	0.0	0.3420200228416074	7.462812423706055	0.0	0.9999999999999998	0.0	1.566519856452942	-0.3420200228416074	0.0	0.9396926646385115	-3.1693482398986816	0.0	0.0	0.0	1.0
0.9063078424985602	0.0	0.4226181428022284	7.462812423706055	0.0	0.9999999999999998	0.0	1.566519856452942	-0.4226181428022284	0.0	0.9063078424985602	-3.1693482398986816	0.0	0.0	0.0	1.0
0.8660254459027142	0.0	0.4999999270489996	7.462812423706055	0.0	0.9999999999999999	0.0	1.566519856452942	-0.4999999270489996	0.0	0.8660254459027142	-3.1693482398986816	0.0	0.0	0.0	1.0
0.8191521014136043	0.0	0.5735763547686361	7.462812423706055	0.0	1.0	0.0	1.566519856452942	-0.5735763547686361	0.0	0.8191521014136043	-3.1693482398986816	0.0	0.0	0.0	1.0
0.7660444905341125	0.0	0.6427875531793785	7.462812423706055	0.0	1.0000000000000002	0.0	1.566519856452942	-0.6427875531793785	0.0	0.7660444905341125	-3.1693482398986816	0.0	0.0	0.0	1.0
0.7660444996712992	-0.056022624832673326	0.6403415417027126	7.462812423706055	1.2480937151837512e-09	0.9961946983363348	0.08715573995199212	1.566519856452942	-0.6427875422901018	-0.06676517440579939	0.7631294693321797	-3.1693482398986816	0.0	0.0	0.0	1.0
0.7660444996712992	-0.056022624832673326	0.6403415417027126	7.334254741668701	1.2480937151837512e-09	0.9961946983363348	0.08715573995199212	1.5688230991363525	-0.6427875422901018	-0.06676517440579939	0.7631294693321797	-3.322557210922241	0.0	0.0	0.0	1.0
0.7660444996712992	-0.056022624832673326	0.6403415417027126	7.205697059631348	1.2480937151837512e-09	0.9961946983363348	0.08715573995199212	1.5688230991363525	-0.6427875422901018	-0.06676517440579939	0.7631294693321797	-3.475766181945801	0.0	0.0	0.0	1.0
0.7660444996712992	-0.056022624832673326	0.6403415417027126	7.077139377593994	1.2480937151837512e-09	0.9961946983363348	0.08715573995199212	1.5688230991363525	-0.6427875422901018	-0.06676517440579939	0.7631294693321797	-3.6289751529693604	0.0	0.0	0.0	1.0
0.7660444996712992	-0.056022624832673326	0.6403415417027126	6.948581695556641	1.2480937151837512e-09	0.9961946983363348	0.08715573995199212	1.5688230991363525	-0.6427875422901018	-0.06676517440579939	0.7631294693321797	-3.78218412399292	0.0	0.0	0.0	1.0
0.8191520567936345	-0.049990476771311326	0.571393787228156	6.948581695556641	-2.1722073133279007e-09	0.9961946981271868	0.08715574234256349	1.5688230991363525	-0.5735764184925651	-0.0713938068424727	0.8160349358292092	-3.78218412399292	0.0	0.0	0.0	1.0
0.86602542585038	-0.043577866650199	0.4980973110938122	6.948581695556641	8.204940372957825e-10	0.9961946984592788	0.08715573854673687	1.5688230991363525	-0.499999961780667	-0.07547908518155629	0.862729937998843	-3.78218412399292	0.0	0.0	0.0	1.0
0.9063078057127183	-0.036833603832460295	0.42101003186730673	6.948581695556641	4.2944139910794377e-10	0.9961946984157931	0.08715573904377526	1.5688230991363525	-0.4226182216897389	-0.07898992642723511	0.9028590311996786	-3.78218412399292	0.0	0.0	0.0	1.0
0.939692627781821	-0.029809016842675916	0.3407186343706033	6.948581695556641	-4.374395116968355e-11	0.9961946983647741	0.08715573962692534	1.5688230991363525	-0.3420201241045559	-0.08189960601119804	0.9361168138874093	-3.78218412399292	0.0	0.0	0.0	1.0
0.9659258257794845	-0.02255756550858573	0.25783416245824986	6.948581695556641	7.736672604646833e-10	0.9961946986037864	0.08715573689500633	1.5688230991363525	-0.258819047004314	-0.0841859769322506	0.962250186903459	-3.78218412399292	0.0	0.0	0.0	1.0
0.984807751918327	-0.015134436106494141	0.1729874001345457	6.948581695556641	2.528406971638586e-10	0.9961946983857716	0.08715573938692503	1.5688230991363525	-0.1736481838706382	-0.08583164772867896	0.9810602613940741	-3.78218412399292	0.0	0.0	0.0	1.0
0.9961946967309251	-0.007596124797860149	0.08682410433304666	6.948581695556641	-1.1440939558585161e-10	0.996194698029647	0.08715574345744943	1.5688230991363525	-0.08715575830190703	-0.08682408943188562	0.9924038750877304	-3.78218412399292	0.0	0.0	0.0	1.0
0.9961946970812182	-0.015134437693152609	0.08583166259004892	6.948581695556641	5.297567705689343e-10	0.9848077544963961	0.1736481692496813	1.5688230991363525	-0.08715575429803772	-0.17298738531892444	0.9810602626817896	-3.78218412399292	0.0	0.0	0.0	1.0
0.9961946973026125	-0.022557566236017006	0.08418599213446623	6.948581695556641	1.1936450439176127e-10	0.9659258334415824	0.2588190184089738	1.5688230991363525	-0.0871557517674921	-0.25783413369003805	0.9622501932648032	-3.78218412399292	0.0	0.0	0.0	1.0
0.9961946968577715	-0.02980902288889909	0.08189962214114194	6.948581695556641	-6.33453530948791e-10	0.9396926248296485	0.3420201322155837	1.5688230991363525	-0.08715575685204469	-0.3407186419836379	0.9361168095127728	-3.78218412399292	0.0	0.0	0.0	1.0
0.9961946971033789	-0.03683361169522603	0.07898993931250124	6.948581695556641	-4.283106334879161e-10	0.9063077934203794	0.4226182480507477	1.5688230991363525	-0.08715575404474062	-0.4210100576411075	0.9028590177330702	-3.78218412399292	0.0	0.0	0.0	1.0
1.0000000000000002	-6.297502641104878e-09	1.3505038519393734e-08	6.948581695556641	0.0	0.9063077933127555	0.4226182482815481	1.5688230991363525	-1.490116119384766e-08	-0.4226182482815481	0.9063077933127553	-3.78218412399292	0.0	0.0	0.0	1.0
0.9961946997421491	0.036833599849367335	-0.07898991155702473	6.948581695556641	-5.656661770936378e-10	0.9063077934020386	0.4226182480900797	1.5688230991363525	0.0871557238834599	-0.421010058716968	0.9028590201429488	-3.78218412399292	0.0	0.0	0.0	1.0
0.9848077553552068	0.07338688169267953	-0.15737868530288204	6.948581695556641	1.6191694790501643e-09	0.9063077930693539	0.4226182488035234	1.5688230991363525	0.17364816437912298	-0.41619772923116904	0.892538943234736	-3.78218412399292	0.0	0.0	0.0	1.0
0.9659258326738016	0.10938164276822024	-0.23456969539722827	6.948581695556641	1.5295496119671625e-09	0.9063077884224542	0.4226182587688327	1.5688230991363525	0.2588190212743704	-0.4082178938632229	0.875426105023406	-3.78218412399292	0.0	0.0	0.0	1.0
0.9396926283699055	0.14454394575611704	-0.30997550214897823	6.948581695556641	-2.0149739654584664e-09	0.9063077946805066	0.4226182453483957	1.5688230991363525	0.3420201224888069	-0.397131249143919	0.8516507539867102	-3.78218412399292	0.0	0.0	0.0	1.0
0.9063077957167345	0.17860618264053055	-0.3830222068570589	6.948581695556641	-3.91706916902379e-09	0.9063077957167345	0.422618243126198	1.5688230991363525	0.422618243126198	-0.3830222068570589	0.8213938212765387	-3.78218412399292	0.0	0.0	0.0	1.0
0.8660253788623558	0.2113091396027454	-0.4531539370750964	6.948581695556641	4.717704130130507e-09	0.9063077924529226	0.4226182501254646	1.5688230991363525	0.5000000431663111	-0.3659981323168976	0.7848855483280537	-3.78218412399292	0.0	0.0	0.0	1.0
0.8191520354936259	0.24240387474911124	-0.5198368054046065	6.948581695556641	8.914588123243306e-09	0.9063077874003065	0.42261826096083543	1.5688230991363525	0.5735764489121302	-0.3461886133369757	0.7424038666717547	-3.78218412399292	0.0	0.0	0.0	1.0
0.7660443988916005	0.2716537954157515	-0.5825634680985615	6.948581695556641	5.3274422373572605e-09	0.9063077909795633	0.4226182532850949	1.5688230991363525	0.6427876623946719	-0.32374434890197185	0.6942720055044937	-3.78218412399292	0.0	0.0	0.0	1.0
0.7071068243581649	0.29883622411576205	-0.6408563412359632	6.948581695556641	-2.377141955500761e-09	0.9063077856469394	0.4226182647209433	1.5688230991363525	0.7071067380149275	-0.298836257559178	0.6408564209102638	-3.78218412399292	0.0	0.0	0.0	1.0
0.6427876246690934	0.32374435256001477	-0.6942720387267237	6.948581695556641	-6.278290637373729e-09	0.9063077972336201	0.4226182398732257	1.5688230991363525	0.766044430547122	-0.2716537701911023	0.5825634382354382	-3.78218412399292	0.0	0.0	0.0	1.0
0.6427876246690934	0.32374435256001477	-0.6942720387267237	7.101790428161621	-6.278290637373729e-09	0.9063077972336201	0.4226182398732257	1.5688230991363525	0.766044430547122	-0.2716537701911023	0.5825634382354382	-3.9107415676116943	0.0	0.0	0.0	1.0
0.6427876246690934	0.32374435256001477	-0.6942720387267237	7.254999160766602	-6.278290637373729e-09	0.9063077972336201	0.4226182398732257	1.5688230991363525	0.766044430547122	-0.2716537701911023	0.5825634382354382	-4.039299011230469	0.0	0.0	0.0	1.0
0.6427876246690934	0.32374435256001477	-0.6942720387267237	7.408207893371582	-6.278290637373729e-09	0.9063077972336201	0.4226182398732257	1.5688230991363525	0.766044430547122	-0.2716537701911023	0.5825634382354382	-4.167856693267822	0.0	0.0	0.0	1.0
0.6427876246690934	0.32374435256001477	-0.6942720387267237	7.5614166259765625	-6.278290637373729e-09	0.9063077972336201	0.4226182398732257	1.5688230991363525	0.766044430547122	-0.2716537701911023	0.5825634382354382	-4.296414375305176	0.0	0.0	0.0	1.0
0.6427876246690934	0.32374435256001477	-0.6942720387267237	7.714625358581543	-6.278290637373729e-09	0.9063077972336201	0.4226182398732257	1.5688230991363525	0.766044430547122	-0.2716537701911023	0.5825634382354382	-4.424972057342529	0.0	0.0	0.0	1.0
0.6427876246690934	0.32374435256001477	-0.6942720387267237	7.867834091186523	-6.278290637373729e-09	0.9063077972336201	0.4226182398732257	1.5688230991363525	0.766044430547122	-0.2716537701911023	0.5825634382354382	-4.553529739379883	0.0	0.0	0.0	1.0
0.6427876246690934	0.32374435256001477	-0.6942720387267237	8.021042823791504	-6.278290637373729e-09	0.9063077972336201	0.4226182398732257	1.5688230991363525	0.766044430547122	-0.2716537701911023	0.5825634382354382	-4.682087421417236	0.0	0.0	0.0	1.0
0.6427876246690934	0.32374435256001477	-0.6942720387267237	8.174251556396484	-6.278290637373729e-09	0.9063077972336201	0.4226182398732257	1.5688230991363525	0.766044430547122	-0.2716537701911023	0.5825634382354382	-4.81064510345459	0.0	0.0	0.0	1.0
0.6427876246690934	0.32374435256001477	-0.6942720387267237	8.327460289001465	-6.278290637373729e-09	0.9063077972336201	0.4226182398732257	1.5688230991363525	0.766044430547122	-0.2716537701911023	0.5825634382354382	-4.939202785491943	0.0	0.0	0.0	1.0
0.6427876246690934	0.32374435256001477	-0.6942720387267237	8.480669021606445	-6.278290637373729e-09	0.9063077972336201	0.4226182398732257	1.5688230991363525	0.766044430547122	-0.2716537701911023	0.5825634382354382	-5.067760467529297	0.0	0.0	0.0	1.0
0.6427876246690934	0.32374435256001477	-0.6942720387267237	8.633877754211426	-6.278290637373729e-09	0.9063077972336201	0.4226182398732257	1.5688230991363525	0.766044430547122	-0.2716537701911023	0.5825634382354382	-5.19631814956665	0.0	0.0	0.0	1.0
0.6427876246690934	0.32374435256001477	-0.6942720387267237	8.787086486816406	-6.278290637373729e-09	0.9063077972336201	0.4226182398732257	1.5688230991363525	0.766044430547122	-0.2716537701911023	0.5825634382354382	-5.324875831604004	0.0	0.0	0.0	1.0
0.5735764371960886	0.34618859996683937	-0.7424038819580898	8.787086486816406	6.62489943459299e-09	0.9063077923865133	0.4226182502678807	1.5688230991363525	0.8191520436972868	-0.24240387520104698	0.5198367922666439	-5.324875831604004	0.0	0.0	0.0	1.0
0.4999999549384687	0.365998145754486	-0.7848855982662745	8.787086486816406	-1.0511252979128471e-08	0.9063077982225105	0.42261823775254354	1.5688230991363525	0.8660254298007245	-0.21130909158231576	0.45315386211873715	-5.324875831604004	0.0	0.0	0.0	1.0
0.42261820423250224	0.38302223198449775	-0.8213938295707537	8.787086486816406	1.8712920102359476e-09	0.9063077871351235	0.42261826152952175	1.5688230991363525	0.9063078138531604	-0.17860617230053621	0.3830221687642324	-5.324875831604004	0.0	0.0	0.0	1.0
0.3420200336957106	0.3971312608930148	-0.8516507841670254	8.787086486816406	1.1628918605843808e-08	0.9063077941490447	0.42261824648811946	1.5688230991363525	0.9396926606879427	-0.14454391680806639	0.30997541767533426	-5.324875831604004	0.0	0.0	0.0	1.0
0.2588189714801206	0.40821789246517726	-0.8754261203969533	8.787086486816406	-2.1260854188298595e-10	0.9063077916703679	0.4226182518036584	1.5688230991363525	0.9659258460161277	-0.10938162107442648	0.23456965057133478	-5.324875831604004	0.0	0.0	0.0	1.0
0.17364825197241684	0.41619771314594883	-0.8925389336936551	8.787086486816406	-9.055364236232322e-09	0.9063077981491477	0.4226182379098705	1.5688230991363525	0.9848077399101431	-0.07338691018244689	0.15737876866639144	-5.324875831604004	0.0	0.0	0.0	1.0
0.0871558134226818	0.421010060760618	-0.9028590105464815	8.787086486816406	1.3611308719019277e-08	0.9063077904133956	0.4226182544992453	1.5688230991363525	0.9961946919084796	-0.036833650027248394	0.07898998695429499	-5.324875831604004	0.0	0.0	0.0	1.0
8.68567126555142e-08	0.4226182409960534	-0.9063077967100329	8.787086486816406	2.3294054740663483e-09	0.9063077967100364	0.42261824099605516	1.5688230991363525	0.9999999999999963	-3.881838941954818e-08	7.773446658587702e-08	-5.324875831604004	0.0	0.0	0.0	1.0
-0.08715564053498931	0.4210100673371948	-0.902859024169148	8.787086486816406	-8.95693316738111e-09	0.9063077904992778	0.4226182543150695	1.5688230991363525	0.9961947070341898	0.03683357274345683	-0.07898983223185646	-5.324875831604004	0.0	0.0	0.0	1.0
-0.17364808154907457	0.41619772621372286	-0.8925389607568135	8.787086486816406	1.3696447337396833e-08	0.9063077983207477	0.4226182375418721	1.5688230991363525	0.9848077699603743	0.07338683395218434	-0.15737861617179377	-5.324875831604004	0.0	0.0	0.0	1.0
-0.25881889925149415	0.4082178988268237	-0.8754261387847967	8.787086486816406	2.2180370873314814e-09	0.9063077927748915	0.42261824943500054	1.5688230991363525	0.9659258653697212	0.10938158818063254	-0.23456958621449098	-5.324875831604004	0.0	0.0	0.0	1.0
-0.34201996748998054	0.39713126936431997	-0.8516508068047827	8.787086486816406	-9.739399536856652e-09	0.9063077952894859	0.4226182440424357	1.5688230991363525	0.9396926847848467	0.144543886382634	-0.30997535881300575	-5.324875831604004	0.0	0.0	0.0	1.0
-0.42261814441742224	0.3830222421680839	-0.8213938555977324	8.787086486816406	-1.0127898519840528e-10	0.9063077883093109	0.4226182590114691	1.5688230991363525	0.9063078417453833	0.1786061445035385	-0.3830221157275467	-5.324875831604004	0.0	0.0	0.0	1.0
-0.4999998120432433	0.3659981702950775	-0.7848856778521168	8.787086486816406	2.4124323649843404e-09	0.9063078018062117	0.4226182300672705	1.5688230991363525	0.8660255123012955	0.2113090337061998	-0.45315373143937665	-5.324875831604004	0.0	0.0	0.0	1.0
-0.5735762122335831	0.346188670455793	-0.7424040228930778	8.787086486816406	7.403453960996842e-10	0.9063077923357158	0.42261825037681555	1.5688230991363525	0.819152201217683	0.24240377472228258	-0.5198365909020001	-5.324875831604004	0.0	0.0	0.0	1.0
-0.6427874164302056	0.3237444416998127	-0.694272189956834	8.787086486816406	1.345313860312558e-09	0.9063077861742741	0.42261826359007054	1.5688230991363525	0.766044605280255	0.271653700855267	-0.5825632408010788	-5.324875831604004	0.0	0.0	0.0	1.0
-0.7071065857296731	0.29883632105830704	-0.640856559328264	8.787086486816406	-1.9328642020255415e-09	0.9063077864014243	0.4226182631029453	1.5688230991363525	0.7071069766433677	0.2988361583284171	-0.6408562038849189	-5.324875831604004	0.0	0.0	0.0	1.0
-0.7660441984414468	0.2716538875528808	-0.5825636887170434	8.787086486816406	-1.0553404566904234e-08	0.9063077947465659	0.4226182452067312	1.5688230991363525	0.6427879012817536	0.32374426104415144	-0.694271825300995	-5.324875831604004	0.0	0.0	0.0	1.0
-0.8191518463229523	0.24240399514600247	-0.5198370473551835	8.787086486816406	-6.946442032695899e-11	0.9063077876814691	0.4226182603578808	1.5688230991363525	0.5735767190757471	0.3461885282980624	-0.7424036975993071	-5.324875831604004	0.0	0.0	0.0	1.0
-0.866025244317951	0.21130924308376037	-0.4531541459496996	8.787086486816406	2.4989703223399218e-09	0.9063077930770385	0.42261824878704474	1.5688230991363525	0.500000276203957	0.36599807102660625	-0.7848854284548608	-5.324875831604004	0.0	0.0	0.0	1.0
-0.9063076337675645	0.1786063246422368	-0.3830225238447872	8.787086486816406	7.555110703716394e-11	0.9063077975026789	0.42261823929622805	1.5688230991363525	0.4226185904271589	0.38302213641464095	-0.8213936754332395	-5.324875831604004	0.0	0.0	0.0	1.0
-0.9396924949925217	0.144544097196333	-0.309975835865357	8.787086486816406	-1.7682081770997726e-09	0.9063077949624258	0.4226182447438182	1.5688230991363525	0.34202048893996057	0.39713119338078046	-0.8516506328238284	-5.324875831604004	0.0	0.0	0.0	1.0
-0.9659257345854347	0.10938179616277499	-0.2345700277823088	8.787086486816406	-2.1188942614380757e-09	0.9063077898594792	0.42261825568712225	1.5688230991363525	0.2588193873448973	0.4082178495708278	-0.8754260174487508	-5.324875831604004	0.0	0.0	0.0	1.0
-0.9848076945440282	0.07338702942764329	-0.15737899694261084	8.787086486816406	5.695429960983489e-10	0.9063077929884279	0.4226182489770702	1.5688230991363525	0.17364850925612949	0.4161977033577085	-0.8925388882020172	-5.324875831604004	0.0	0.0	0.0	1.0
-0.996194667866227	0.03683375289635411	-0.07899024219780275	8.787086486816406	-4.614833064298107e-10	0.9063077934209911	0.4226182480494349	1.5688230991363525	0.08715608822622327	0.42101004528626623	-0.9028589912345995	-5.324875831604004	0.0	0.0	0.0	1.0
-0.9999999999999393	1.47126515591179e-07	-3.1551384943470216e-07	8.787086486816406	-2.6734258095589854e-15	0.9063077933127551	0.422618248281548	1.5688230991363525	3.4813101093568976e-07	0.42261824828152234	-0.9063077933127003	-5.324875831604004	0.0	0.0	0.0	1.0
-0.9999999999999395	1.1906781880244375e-07	-3.2713613024523117e-07	8.787086486816406	1.1079343945412346e-15	0.9396926174059804	0.3420201526119447	1.5688230991363525	3.481310000361881e-07	0.3420201526119239	-0.9396926174059234	-5.324875831604004	0.0	0.0	0.0	1.0
-0.9999999999999395	9.01029482173725e-08	-3.3626871985733233e-07	8.787086486816406	2.3368828840966987e-15	0.9659258163269889	0.25881908228150446	1.5688230991363525	3.481310001019036e-07	0.2588190822814888	-0.9659258163269305	-5.324875831604004	0.0	0.0	0.0	1.0
-0.9999999999999394	6.04523297999123e-08	-3.428421153601079e-07	8.787086486816406	-8.12113339024362e-16	0.9848077453671007	0.17364822102448313	1.5688230991363525	3.4813101017121547e-07	0.17364822102447258	-0.984807745367041	-5.324875831604004	0.0	0.0	0.0	1.0
-0.999999999999939	3.034163068994478e-08	-3.468062646949953e-07	8.787086486816406	-8.071313228391837e-16	0.9961946943757806	0.0871557852213154	1.5688230991363525	3.4813100951311444e-07	0.08715578522131012	-0.9961946943757204	-5.324875831604004	0.0	0.0	0.0	1.0
-0.9999999999999395	1.556266868880079e-14	-3.4813101024154827e-07	8.787086486816406	-2.117582383912969e-22	0.9999999999999992	4.470348358154296e-08	1.5688230991363525	3.481310102415486e-07	4.470348358154025e-08	-0.9999999999999386	-5.324875831604004	0.0	0.0	0.0	1.0
-0.9961947287590907	-3.896149589583641e-09	0.08715539221758961	8.787086486816406	5.5458317137582534e-17	0.9999999999999991	4.47034835791216e-08	1.5688230991363525	-0.0871553922175897	4.453337470352299e-08	-0.9961947287590898	-5.324875831604004	0.0	0.0	0.0	1.0
-0.9848078149652907	-7.76266237654254e-09	0.17364782631317355	8.787086486816406	6.63802771832444e-17	0.9999999999999992	4.470348179259326e-08	1.5688230991363525	-0.17364782631317371	4.40243382370312e-08	-0.9848078149652898	-5.324875831604004	0.0	0.0	0.0	1.0
-0.9659259197705795	-1.1570097325553366e-08	0.25881869622451914	8.787086486816406	-4.520057361122371e-16	0.9999999999999992	4.470348184936575e-08	1.5688230991363525	-0.25881869622451936	4.3180251705308484e-08	-0.9659259197705786	-5.324875831604004	0.0	0.0	0.0	1.0
-0.9396927449435786	-1.528947676666779e-08	0.34201980220508027	8.787086486816406	1.5423040435966195e-16	0.9999999999999991	4.470348445622796e-08	1.5688230991363525	-0.3420198022050806	4.200754006996531e-08	-0.9396927449435777	-5.324875831604004	0.0	0.0	0.0	1.0
-0.9063079408701378	-1.889249437868934e-08	0.4226179318435637	8.787086486816406	1.6769239825204805e-16	0.9999999999999993	4.470348536385229e-08	1.5688230991363525	-0.42261793184356417	4.051512384070111e-08	-0.9063079408701369	-5.324875831604004	0.0	0.0	0.0	1.0
-0.866025605263619	-2.235172619049223e-08	0.4999996510276602	8.787086486816406	0.0	0.9999999999999991	4.4703483581542956e-08	1.5688230991363525	-0.49999965102766064	3.871436142609799e-08	-0.8660256052636182	-5.324875831604004	0.0	0.0	0.0	1.0
-0.8191522850019952	-2.5640849704366006e-08	0.5735760925770959	8.787086486816406	2.6708021183874203e-16	0.9999999999999991	4.470348442861379e-08	1.5688230991363525	-0.5735760925770965	3.661896157044092e-08	-0.8191522850019943	-5.324875831604004	0.0	0.0	0.0	1.0
-0.766044696754581	-2.8734831008848332e-08	0.6427873074152768	8.787086486816406	8.346147212916969e-16	0.9999999999999992	4.470348327776823e-08	1.5688230991363525	-0.6427873074152775	3.424486682787119e-08	-0.7660446967545803	-5.324875831604004	0.0	0.0	0.0	1.0
-0.7071070654642215	-3.1610124014854036e-08	0.7071064969087585	8.787086486816406	3.3989097538754203e-16	0.9999999999999989	4.4703484402112813e-08	1.5688230991363525	-0.7071064969087592	3.1610149911942704e-08	-0.7071070654642209	-5.324875831604004	0.0	0.0	0.0	1.0
-0.642787901505237	-3.424484383689891e-08	0.7660441982539211	8.787086486816406	4.02481515495388e-16	0.999999999999999	4.4703483393862835e-08	1.5688230991363525	-0.7660441982539218	2.8734858589033924e-08	-0.6427879015052363	-5.324875831604004	0.0	0.0	0.0	1.0
-0.5735767450699328	-3.661894149716447e-08	0.8191518281216127	8.787086486816406	-3.7770897485302946e-16	0.999999999999999	4.470348477948197e-08	1.5688230991363525	-0.8191518281216136	2.564087898369755e-08	-0.5735767450699322	-5.324875831604004	0.0	0.0	0.0	1.0
-0.5000003132944799	-3.8714344392774606e-08	0.8660252229037101	8.787086486816406	8.286816343449011e-16	0.9999999999999993	4.4703484128683564e-08	1.5688230991363525	-0.866025222903711	2.2351756787355792e-08	-0.5000003132944795	-5.324875831604004	0.0	0.0	0.0	1.0
-0.42261858683082565	-4.05151102044408e-08	0.9063076354445627	8.787086486816406	2.053533971829117e-16	0.9999999999999991	4.4703485556925075e-08	1.5688230991363525	-0.9063076354445636	1.8892524078593252e-08	-0.4226185868308252	-5.324875831604004	0.0	0.0	0.0	1.0
-0.3420205394523583	-4.200752843671367e-08	0.9396924766074888	8.787086486816406	-2.1811521577399616e-16	0.9999999999999989	4.470348481853426e-08	1.5688230991363525	-0.9396924766074897	1.5289509788074172e-08	-0.34202053945235783	-5.324875831604004	0.0	0.0	0.0	1.0
-0.25881950341787635	-4.3180242581346893e-08	0.9659257034837216	8.787086486816406	1.6395084362015022e-16	0.9999999999999991	4.470348233621493e-08	1.5688230991363525	-0.9659257034837225	1.1570133257673285e-08	-0.25881950341787613	-5.324875831604004	0.0	0.0	0.0	1.0
-0.17364862853825325	-4.402433366379092e-08	0.9848076735113218	8.787086486816406	3.308722450212111e-24	0.9999999999999991	4.4703483581542956e-08	1.5688230991363525	-0.9848076735113227	7.762698614817258e-09	-0.17364862853825302	-5.324875831604004	0.0	0.0	0.0	1.0
-0.08715613404231415	-4.453337245462273e-08	0.9961946638578206	8.787086486816406	-6.548339022590765e-16	0.9999999999999991	4.4703484181587435e-08	1.5688230991363525	-0.9961946638578215	3.896182207146866e-09	-0.08715613404231415	-5.324875831604004	0.0	0.0	0.0	1.0
-3.371747652747281e-07	-4.4703483581540825e-08	0.9999999999999423	8.787086486816406	-2.512147761860284e-15	0.9999999999999991	4.470348358154252e-08	1.5688230991363525	-0.9999999999999432	1.2560738825845032e-14	-3.371747652747281e-07	-5.324875831604004	0.0	0.0	0.0	1.0
0.08715537534242196	-4.453337345743365e-08	0.9961947302354697	8.787086486816406	-1.3096673148272303e-15	0.9999999999999993	4.470348238145352e-08	1.5688230991363525	-0.9961947302354706	-3.896150090752608e-09	0.08715537534242185	-5.324875831604004	0.0	0.0	0.0	1.0
0.17364778709620599	-4.4024340296400387e-08	0.9848078218802838	8.787086486816406	3.308722450212111e-24	0.999999999999999	4.470348358154295e-08	1.5688230991363525	-0.9848078218802847	-7.762660999426508e-09	0.17364778709620587	-5.324875831604004	0.0	0.0	0.0	1.0
0.25881860481649455	-4.3180256376375426e-08	0.9659259442632451	8.787086486816406	-3.767386555985578e-16	0.9999999999999991	4.470348553151026e-08	1.5688230991363525	-0.965925944263246	-1.1570094119601476e-08	0.2588186048164942	-5.324875831604004	0.0	0.0	0.0	1.0
0.3420197318751225	-4.2007540121484457e-08	0.939692770541557	8.787086486816406	-1.2369914015706112e-15	0.9999999999999989	4.4703483799657625e-08	1.5688230991363525	-0.9396927705415579	-1.5289474705434666e-08	0.3420197318751222	-5.324875831604004	0.0	0.0	0.0	1.0
0.42261786595915396	-4.0515122301607265e-08	0.9063079715925094	8.787086486816406	-2.7186388665664235e-16	0.999999999999999	4.470348235524293e-08	1.5688230991363525	-0.9063079715925103	-1.8892490560307873e-08	0.4226178659591536	-5.324875831604004	0.0	0.0	0.0	1.0
0.49999966669875956	-3.871435936427039e-08	0.8660255962159131	8.787086486816406	1.1899372622040342e-16	0.9999999999999989	4.470348159908365e-08	1.5688230991363525	-0.866025596215914	-2.2351725796764343e-08	0.499999666698759	-5.324875831604004	0.0	0.0	0.0	1.0
0.5735760918788908	-3.6618959941197906e-08	0.819152285490883	8.787086486816406	1.6203422643619545e-17	0.9999999999999991	4.4703482588661516e-08	1.5688230991363525	-0.8191522854908839	-2.564084882330743e-08	0.5735760918788902	-5.324875831604004	0.0	0.0	0.0	1.0
0.64278725054983	-3.424486825467452e-08	0.7660447444703141	8.787086486816406	-4.0248145924710634e-16	0.9999999999999989	4.470348339386264e-08	1.5688230991363525	-0.7660447444703148	-2.8734829489059758e-08	0.6427872505498293	-5.324875831604004	0.0	0.0	0.0	1.0
0.7071064691696978	-3.1610150671295823e-08	0.707107093203259	8.787086486816406	-3.398913492731789e-16	0.9999999999999991	4.4703484402112734e-08	1.5688230991363525	-0.7071070932032597	-3.1610123255500176e-08	0.7071064691696971	-5.324875831604004	0.0	0.0	0.0	1.0
