1.0	0.0	0.0	-0.9706228971481323	0.0	1.0	0.0	1.6357390880584717	0.0	0.0	1.0	0.4162551760673523	0.0	0.0	0.0	1.0
0.9961946982682389	-0.0	-0.08715574073032861	-0.9706228971481323	0.0	0.9999999999999999	-0.0	1.6357390880584717	0.08715574073032861	0.0	0.9961946982682389	0.4162551760673523	0.0	0.0	0.0	1.0
0.9848077531002408	-0.0	-0.17364817716767306	-0.9706228971481323	0.0	1.0000000000000002	-0.0	1.6357390880584717	0.17364817716767306	0.0	0.9848077531002408	0.4162551760673523	0.0	0.0	0.0	1.0
0.9659258316218277	-0.0	-0.25881902520039096	-0.9706228971481323	0.0	0.9999999999999999	-0.0	1.6357390880584717	0.25881902520039096	0.0	0.9659258316218277	0.4162551760673523	0.0	0.0	0.0	1.0
0.93969262448596	-0.0	-0.3420201331598604	-0.9706228971481323	0.0	1.0	-0.0	1.6357390880584717	0.3420201331598604	0.0	0.93969262448596	0.4162551760673523	0.0	0.0	0.0	1.0
0.9063077933127555	-0.0	-0.4226182482815481	-0.9706228971481323	0.0	1.0000000000000002	-0.0	1.6357390880584717	0.4226182482815481	0.0	0.9063077933127555	0.4162551760673523	0.0	0.0	0.0	1.0
0.8660253883290534	-0.0	-0.5000000267695114	-0.9706228971481323	0.0	1.0	-0.0	1.6357390880584717	0.5000000267695114	0.0	0.8660253883290534	0.4162551760673523	0.0	0.0	0.0	1.0
0.8191520362026039	-0.0	-0.5735764478996047	-0.9706228971481323	0.0	1.0	-0.0	1.6357390880584717	0.5735764478996047	0.0	0.8191520362026039	0.4162551760673523	0.0	0.0	0.0	1.0
0.7660444185289921	-0.0	-0.6427876389917426	-0.9706228971481323	0.0	1.0000000000000002	-0.0	1.6357390880584717	0.6427876389917426	0.0	0.7660444185289921	0.4162551760673523	0.0	0.0	0.0	1.0
0.7071068129364553	-0.0	-0.7071067494366384	-0.9706228971481323	0.0	1.0	-0.0	1.6357390880584717	0.7071067494366384	0.0	0.7071068129364553	0.4162551760673523	0.0	0.0	0.0	1.0
0.6427876174094395	-0.0	-0.7660444366386953	-0.9706228971481323	0.0	0.9999999999999999	-0.0	1.6357390880584717	0.7660444366386953	0.0	0.6427876174094395	0.4162551760673523	0.0	0.0	0.0	1.0
0.5735764419101737	-0.0	-0.8191520403964487	-0.9706228971481323	0.0	1.0	-0.0	1.6357390880584717	0.8191520403964487	0.0	0.5735764419101737	0.4162551760673523	0.0	0.0	0.0	1.0
0.4999999487509984	-0.0	-0.8660254333730614	-0.9706228971481323	0.0	0.9999999999999999	-0.0	1.6357390880584717	0.8660254333730614	0.0	0.4999999487509984	0.4162551760673523	0.0	0.0	0.0	1.0
0.42261816429975646	-0.0	-0.9063078324741014	-0.9706228971481323	0.0	1.0	-0.0	1.6357390880584717	0.9063078324741014	0.0	0.42261816429975646	0.4162551760673523	0.0	0.0	0.0	1.0
0.3420200439022877	-0.0	-0.9396926569730536	-0.9706228971481323	0.0	0.9999999999999999	-0.0	1.6357390880584717	0.9396926569730536	0.0	0.3420200439022877	0.4162551760673523	0.0	0.0	0.0	1.0
0.2588189978133274	-0.0	-0.965925838960168	-0.9706228971481323	0.0	0.9999999999999999	-0.0	1.6357390880584717	0.965925838960168	0.0	0.2588189978133274	0.4162551760673523	0.0	0.0	0.0	1.0
0.17364820781723544	-0.0	-0.9848077476958955	-0.9706228971481323	0.0	1.0000000000000002	-0.0	1.6357390880584717	0.9848077476958955	0.0	0.17364820781723544	0.4162551760673523	0.0	0.0	0.0	1.0
0.08715579847029697	-0.0	-0.9961946932166444	-0.9706228971481323	0.0	0.9999999999999997	-0.0	1.6357390880584717	0.9961946932166444	0.0	0.08715579847029697	0.4162551760673523	0.0	0.0	0.0	1.0
8.429369502405137e-08	-0.0	-0.9999999999999963	-0.9706228971481323	0.0	0.9999999999999999	-0.0	1.6357390880584717	0.9999999999999963	0.0	8.429369502405137e-08	0.4162551760673523	0.0	0.0	0.0	1.0
-0.08715563068428267	-0.0	-0.9961947078960142	-0.9706228971481323	0.0	1.0	-0.0	1.6357390880584717	0.9961947078960142	0.0	-0.08715563068428267	0.4162551760673523	0.0	0.0	0.0	1.0
-0.08715563345088678	0.08682409063391242	-0.9924038859473336	-0.9706228971481323	6.085407386335895e-10	0.9961946980114569	0.087155743665359	1.6357390880584717	0.9961947076539677	0.0075961134441192915	-0.08682397999843944	0.4162551760673523	0.0	0.0	0.0	1.0
-0.08715564871740233	0.1729873960519761	-0.9810602701688647	-0.9706228971481323	-2.095309384331223e-09	0.9848077528567662	0.17364817854848513	1.6357390880584717	0.9961947063183225	0.01513442170561334	-0.08583155819969668	0.4162551760673523	0.0	0.0	0.0	1.0
-0.08715562996549053	0.2578341314040229	-0.9622502049095398	-0.9706228971481323	-2.0693222135825806e-10	0.9659258347963151	0.2588190133530413	1.6357390880584717	0.9961947079589002	0.022557534354951614	-0.0841858745782611	0.4162551760673523	0.0	0.0	0.0	1.0
-0.08715562323598836	0.34071862914394185	-0.936116826626153	-0.9706228971481323	1.3383318009374534e-08	0.9396926313630538	0.3420201142651984	1.6357390880584717	0.9961947085476544	0.029808963689678142	-0.0818995014966587	0.4162551760673523	0.0	0.0	0.0	1.0
-0.08715564053498931	0.4210100673371948	-0.902859024169148	-0.9706228971481323	-8.95693316738111e-09	0.9063077904992778	0.4226182543150695	1.6357390880584717	0.9961947070341898	0.03683357274345683	-0.07898983223185646	0.4162551760673523	0.0	0.0	0.0	1.0
-0.17364808154907457	0.41619772621372286	-0.8925389607568135	-0.9706228971481323	1.3696447337396833e-08	0.9063077983207477	0.4226182375418721	1.6357390880584717	0.9848077699603743	0.07338683395218434	-0.15737861617179377	0.4162551760673523	0.0	0.0	0.0	1.0
-0.25881889925149415	0.4082178988268237	-0.8754261387847967	-0.9706228971481323	2.2180370873314814e-09	0.9063077927748915	0.42261824943500054	1.6357390880584717	0.9659258653697212	0.10938158818063254	-0.23456958621449098	0.4162551760673523	0.0	0.0	0.0	1.0
-0.34201996748998054	0.39713126936431997	-0.8516508068047827	-0.9706228971481323	-9.739399536856652e-09	0.9063077952894859	0.4226182440424357	1.6357390880584717	0.9396926847848467	0.144543886382634	-0.30997535881300575	0.4162551760673523	0.0	0.0	0.0	1.0
-0.42261814441742224	0.3830222421680839	-0.8213938555977324	-0.9706228971481323	-1.0127898519840528e-10	0.9063077883093109	0.4226182590114691	1.6357390880584717	0.9063078417453833	0.1786061445035385	-0.3830221157275467	0.4162551760673523	0.0	0.0	0.0	1.0
-0.4999998120432433	0.3659981702950775	-0.7848856778521168	-0.9706228971481323	2.4124323649843404e-09	0.9063078018062117	0.4226182300672705	1.6357390880584717	0.8660255123012955	0.2113090337061998	-0.45315373143937665	0.4162551760673523	0.0	0.0	0.0	1.0
-0.5735762122335831	0.346188670455793	-0.7424040228930778	-0.9706228971481323	7.403453960996842e-10	0.9063077923357158	0.42261825037681555	1.6357390880584717	0.819152201217683	0.24240377472228258	-0.5198365909020001	0.4162551760673523	0.0	0.0	0.0	1.0
-0.6427874164302056	0.3237444416998127	-0.694272189956834	-0.9706228971481323	1.345313860312558e-09	0.9063077861742741	0.42261826359007054	1.6357390880584717	0.766044605280255	0.271653700855267	-0.5825632408010788	0.4162551760673523	0.0	0.0	0.0	1.0
-0.7071065857296731	0.29883632105830704	-0.640856559328264	-0.9706228971481323	-1.9328642020255415e-09	0.9063077864014243	0.4226182631029453	1.6357390880584717	0.7071069766433677	0.2988361583284171	-0.6408562038849189	0.4162551760673523	0.0	0.0	0.0	1.0
-0.7660441984414468	0.2716538875528808	-0.5825636887170434	-0.9706228971481323	-1.0553404566904234e-08	0.9063077947465659	0.4226182452067312	1.6357390880584717	0.6427879012817536	0.32374426104415144	-0.694271825300995	0.4162551760673523	0.0	0.0	0.0	1.0
-0.8191518463229523	0.24240399514600247	-0.5198370473551835	-0.9706228971481323	-6.946442032695899e-11	0.9063077876814691	0.4226182603578808	1.6357390880584717	0.5735767190757471	0.3461885282980624	-0.7424036975993071	0.4162551760673523	0.0	0.0	0.0	1.0
-0.866025244317951	0.21130924308376037	-0.4531541459496996	-0.9706228971481323	2.4989703223399218e-09	0.9063077930770385	0.42261824878704474	1.6357390880584717	0.500000276203957	0.36599807102660625	-0.7848854284548608	0.4162551760673523	0.0	0.0	0.0	1.0
-0.9063076337675645	0.1786063246422368	-0.3830225238447872	-0.9706228971481323	7.555110703716394e-11	0.9063077975026789	0.42261823929622805	1.6357390880584717	0.4226185904271589	0.38302213641464095	-0.8213936754332395	0.4162551760673523	0.0	0.0	0.0	1.0
-0.9396924949925217	0.144544097196333	-0.309975835865357	-0.9706228971481323	-1.7682081770997726e-09	0.9063077949624258	0.4226182447438182	1.6357390880584717	0.34202048893996057	0.39713119338078046	-0.8516506328238284	0.4162551760673523	0.0	0.0	0.0	1.0
-0.9659257345854347	0.10938179616277499	-0.2345700277823088	-0.9706228971481323	-2.1188942614380757e-09	0.9063077898594792	0.42261825568712225	1.6357390880584717	0.2588193873448973	0.4082178495708278	-0.8754260174487508	0.4162551760673523	0.0	0.0	0.0	1.0
-0.9848076945440282	0.07338702942764329	-0.15737899694261084	-0.9706228971481323	5.695429960983489e-10	0.9063077929884279	0.4226182489770702	1.6357390880584717	0.17364850925612949	0.4161977033577085	-0.8925388882020172	0.4162551760673523	0.0	0.0	0.0	1.0
-0.996194667866227	0.03683375289635411	-0.07899024219780275	-0.9706228971481323	-4.614833064298107e-10	0.9063077934209911	0.4226182480494349	1.6357390880584717	0.08715608822622327	0.42101004528626623	-0.9028589912345995	0.4162551760673523	0.0	0.0	0.0	1.0
-0.9999999999999393	1.47126515591179e-07	-3.1551384943470216e-07	-0.9706228971481323	-2.6734258095589854e-15	0.9063077933127551	0.422618248281548	1.6357390880584717	3.4813101093568976e-07	0.42261824828152234	-0.9063077933127003	0.4162551760673523	0.0	0.0	0.0	1.0
-0.9961947289791785	-0.036833458648232474	0.07898960867170862	-0.9706228971481323	-5.988388673827671e-10	0.9063077934014262	0.42261824809139203	1.6357390880584717	-0.08715538970196116	0.4210100710717576	-0.9028590466413086	0.4162551760673523	0.0	0.0	0.0	1.0
-0.9848078133707019	-0.07338674431355904	0.15737838632758008	-0.9706228971481323	-2.2548161254798416e-10	0.9063077930011494	0.42261824894978883	1.6357390880584717	-0.17364783535655356	0.41619775360331057	-0.892538995882836	0.4162551760673523	0.0	0.0	0.0	1.0
-0.9659259154159541	-0.10938150852200396	0.23456941727621303	-0.9706228971481323	6.518899101082276e-09	0.9063077872958205	0.42261826118490653	1.6357390880584717	-0.25881871247622595	0.40821793233566395	-0.875426178379276	0.4162551760673523	0.0	0.0	0.0	1.0
-0.9396927514038085	-0.14454380706096417	0.3099751938453505	-0.9706228971481323	-6.609213898389754e-09	0.9063077943381488	0.42261824608258397	1.6357390880584717	-0.34201978445572384	0.39713130040610284	-0.8516508658356532	0.4162551760673523	0.0	0.0	0.0	1.0
-0.9063079470953591	-0.17860604313645656	0.38302191371634897	-0.9706228971481323	-1.3700509338132605e-09	0.9063077959553704	0.4226182426144417	1.6357390880584717	-0.4226179184935206	0.38302227134418343	-0.8213939582335307	0.4162551760673523	0.0	0.0	0.0	1.0
-0.8660256008353509	-0.21130898053402536	0.4531535870358309	-0.9706228971481323	2.6551838089305946e-09	0.9063077907780288	0.42261825371728623	1.6357390880584717	-0.499999658697653	0.3659982283027057	-0.7848857484892378	0.4162551760673523	0.0	0.0	0.0	1.0
-0.8191522889811442	-0.2424037173306185	0.5198364793675504	-0.9706228971481323	-1.7223979048575089e-09	0.906307797416321	0.42261823948142274	1.6357390880584717	-0.5735760868942777	0.34618869734102353	-0.742404107192554	0.4162551760673523	0.0	0.0	0.0	1.0
-0.7660446836287936	-0.2716536555972834	0.5825631588803865	-0.9706228971481323	3.618179728048787e-09	0.9063077892350727	0.42261825702616723	1.6357390880584717	-0.6427873230579938	0.3237444711071807	-0.6942722626920007	0.4162551760673523	0.0	0.0	0.0	1.0
-0.7071070828187813	-0.29883610270516947	0.6408561126707765	-0.9706228971481323	-3.6426301142089557e-09	0.9063077942142068	0.4226182463483791	1.6357390880584717	-0.7071064795541854	0.2988363529869895	-0.6408566615912814	0.4162551760673523	0.0	0.0	0.0	1.0
-0.6427879151638962	-0.32374425725345585	0.6942718142159163	-0.9706228971481323	-9.21469062165059e-09	0.9063077935826513	0.42261824770275336	1.6357390880584717	-0.7660441867929366	0.2716538959535719	-0.5825637001169865	0.4162551760673523	0.0	0.0	0.0	1.0
-0.573576747230261	-0.34618851064750444	0.742403684077885	-0.9706228971481323	3.947922072589094e-09	0.9063077917975747	0.4226182515308633	1.6357390880584717	-0.8191518266089343	0.2424040049641647	-0.5198370738419681	0.4162551760673523	0.0	0.0	0.0	1.0
-0.5000003281472979	-0.36599805855354245	0.7848854011813649	-0.9706228971481323	-1.1477757244637843e-08	0.9063077963790868	0.42261824170577805	1.6357390880584717	-0.8660252143284248	0.21130925052519894	-0.45315419979283467	0.4162551760673523	0.0	0.0	0.0	1.0
-0.4226185450443061	-0.38302213358212533	0.8213937001041767	-0.9706228971481323	8.612804386354256e-09	0.9063078018792174	0.422618229910709	1.6357390880584717	-0.9063076549299545	0.17860630850856724	-0.38302248129360345	0.4162551760673523	0.0	0.0	0.0	1.0
-0.3420205383541145	-0.3971311725837652	0.8516506226770494	-0.9706228971481323	-2.403676757634088e-09	0.9063078016085305	0.42261823049120006	1.6357390880584717	-0.9396924770072187	0.14454411266377057	-0.3099758831752585	0.4162551760673523	0.0	0.0	0.0	1.0
-0.2588194875149443	-0.40821784911026715	0.8754259880482697	-0.9706228971481323	-8.830974174145467e-09	0.9063077853658386	0.4226182653237665	1.6357390880584717	-0.9659257077449083	0.10938183511468774	-0.2345701201441519	0.4162551760673523	0.0	0.0	0.0	1.0
-0.17364868061958855	-0.4161976983808773	0.8925388571830005	-0.9706228971481323	-1.9538381662576043e-08	0.9063077907968435	0.42261825367693806	1.6357390880584717	-0.9848076643279519	0.07338708471799002	-0.15737916023895543	0.4162551760673523	0.0	0.0	0.0	1.0
-0.08715615011917116	-0.42101004956979754	0.9028589832624148	-0.9706228971481323	-1.818857242597005e-08	0.9063077910001658	0.42261825324091207	1.6357390880584717	-0.9961946624512723	0.0368337635008508	-0.07899030554415659	0.4162551760673523	0.0	0.0	0.0	1.0
-2.605701381885872e-07	-0.42261824099603984	0.906307796710006	-0.9706228971481323	6.988216283421167e-09	0.9063077967100359	0.4226182409960558	1.6357390880584717	-0.9999999999999661	1.1645516834191127e-07	-2.332034001462091e-07	0.4162551760673523	0.0	0.0	0.0	1.0
-2.605701381885872e-07	-0.42261824099603984	0.906307796710006	-1.1706229448318481	6.988216283421167e-09	0.9063077967100359	0.4226182409960558	1.6357390880584717	-0.9999999999999661	1.1645516834191127e-07	-2.332034001462091e-07	0.41625526547431946	0.0	0.0	0.0	1.0
-2.605701381885872e-07	-0.42261824099603984	0.906307796710006	-1.370622992515564	6.988216283421167e-09	0.9063077967100359	0.4226182409960558	1.6357390880584717	-0.9999999999999661	1.1645516834191127e-07	-2.332034001462091e-07	0.4162553548812866	0.0	0.0	0.0	1.0
-2.605701381885872e-07	-0.42261824099603984	0.906307796710006	-1.5706230401992798	6.988216283421167e-09	0.9063077967100359	0.4226182409960558	1.6357390880584717	-0.9999999999999661	1.1645516834191127e-07	-2.332034001462091e-07	0.4162554442882538	0.0	0.0	0.0	1.0
-2.605701381885872e-07	-0.42261824099603984	0.906307796710006	-1.7706230878829956	6.988216283421167e-09	0.9063077967100359	0.4226182409960558	1.6357390880584717	-0.9999999999999661	1.1645516834191127e-07	-2.332034001462091e-07	0.41625553369522095	0.0	0.0	0.0	1.0
-0.08715606744956295	-0.4210100506094005	0.9028589907580239	-1.7706230878829956	-2.041415353426501e-08	0.9063077920266187	0.42261825103967643	1.6357390880584717	-0.9961946696839564	0.036833726361928304	-0.07899023164650021	0.41625553369522095	0.0	0.0	0.0	1.0
-0.17364851019625877	-0.4161977114486833	0.8925388842462262	-1.7706230878829956	-2.4179463375961774e-08	0.9063077909684436	0.42261825330893976	1.6357390880584717	-0.9848076943782574	0.07338700848773125	-0.15737900774436991	0.41625553369522095	0.0	0.0	0.0	1.0
-0.2588193983278457	-0.408217840657914	0.8754260183578064	-1.7706230878829956	1.1638822988713216e-08	0.9063077920039124	0.4226182510883708	1.6357390880584717	-0.9659257316425587	0.10938181165798697	-0.23457003267511561	0.41625553369522095	0.0	0.0	0.0	1.0
-0.34202047214841974	-0.3971311810550811	0.8516506453148314	-1.7706230878829956	-4.293196520510634e-09	0.9063078027489719	0.4226182280455152	1.6357390880584717	-0.9396925011041497	0.14454408223835205	-0.3099758243129625	0.41625553369522095	0.0	0.0	0.0	1.0
-0.4226185450443061	-0.38302213358212533	0.8213937001041767	-1.7706230878829956	8.612804386354256e-09	0.9063078018792174	0.422618229910709	1.6357390880584717	-0.9063076549299545	0.17860630850856724	-0.38302248129360345	0.41625553369522095	0.0	0.0	0.0	1.0
-0.5000003281472979	-0.36599805855354245	0.7848854011813649	-1.7706230878829956	-1.1477757244637843e-08	0.9063077963790868	0.42261824170577805	1.6357390880584717	-0.8660252143284248	0.21130925052519894	-0.45315419979283467	0.41625553369522095	0.0	0.0	0.0	1.0
-0.5735767044404976	-0.34618852733677563	0.7424037093546694	-1.7706230878829956	2.5469898135010993e-09	0.9063077899198031	0.42261825555775717	1.6357390880584717	-0.8191518565706715	0.24240398815010505	-0.5198370344692129	0.41625553369522095	0.0	0.0	0.0	1.0
-0.6427878753971269	-0.3237442700937309	0.6942718450462511	-1.7706230878829956	-1.0606912015376224e-08	0.9063077948444328	0.42261824499685524	1.6357390880584717	-0.7660442201612438	0.27165387644151057	-0.5825636653378349	0.41625553369522095	0.0	0.0	0.0	1.0
-0.7071070094576253	-0.29883613394558634	0.6408561790482713	-1.7706230878829956	-6.42505221248868e-09	0.9063077952340617	0.42261824416129307	1.6357390880584717	-0.7071065529153965	0.2988363186535899	-0.6408565966561288	0.41625553369522095	0.0	0.0	0.0	1.0
-0.7660445824297443	-0.27165370835133384	0.5825632673530035	-1.7706230878829956	-6.041353528551952e-10	0.9063077900671649	0.4226182552417388	1.6357390880584717	-0.6427874436623964	0.3237444245118979	-0.6942721727589415	0.41625553369522095	0.0	0.0	0.0	1.0
-0.8191521681169303	-0.2424038015825718	0.5198366305366043	-1.7706230878829956	1.3235810641942791e-09	0.9063077863887972	0.4226182631300248	1.6357390880584717	-0.5735762595063824	0.34618866721681696	-0.7424039878807975	0.41625553369522095	0.0	0.0	0.0	1.0
-0.8660254967319945	-0.21130905392262794	0.45315375176690964	-1.7706230878829956	4.055640379085901e-09	0.9063077923779503	0.42261825028624367	1.6357390880584717	-0.49999983901007616	0.36599818196997924	-0.7848856552291983	0.41625553369522095	0.0	0.0	0.0	1.0
-0.9063078717387395	-0.17860610936889265	0.3830220611407438	-1.7706230878829956	9.072145396027409e-10	0.9063077961687319	0.4226182421568855	1.6357390880584717	-0.42261808009643476	0.38302223995465734	-0.8213938897238767	0.41625553369522095	0.0	0.0	0.0	1.0
-0.9396926971821147	-0.14454386845623102	0.3099753295898082	-1.7706230878829956	-3.740048881706315e-09	0.9063077931382575	0.4226182486557599	1.6357390880584717	-0.3420199334287439	0.3971312807983898	-0.8516508151518603	0.41625553369522095	0.0	0.0	0.0	1.0
-0.9659258874195936	-0.10938155777722416	0.2345695095934219	-1.7706230878829956	3.347011556797952e-11	0.9063077883392142	0.4226182589473414	1.6357390880584717	-0.2588188169601868	0.4082179168212854	-0.8754261547231837	0.41625553369522095	0.0	0.0	0.0	1.0
-0.9848077941205085	-0.0733867904030511	0.1573784852952809	-1.7706230878829956	4.030384012643218e-10	0.9063077916268492	0.4226182518969855	1.6357390880584717	-0.1736479445300125	0.4161977484691652	-0.8925389770366892	0.41625553369522095	0.0	0.0	0.0	1.0
-0.9961947183539269	-0.03683350966389782	0.07898971888530794	-1.7706230878829956	-2.564556969564258e-10	0.906307793407744	0.4226182480778441	1.6357390880584717	-0.08715551114955626	0.4210100665948805	-0.9028590370052426	0.41625553369522095	0.0	0.0	0.0	1.0
-0.9961947183539269	-0.03683350966389782	0.07898971888530794	-1.7880542278289795	-2.564556969564258e-10	0.906307793407744	0.4226182480778441	1.6357390880584717	-0.08715551114955626	0.4210100665948805	-0.9028590370052426	0.6154944896697998	0.0	0.0	0.0	1.0
-0.9961947183539269	-0.03683350966389782	0.07898971888530794	-1.8054853677749634	-2.564556969564258e-10	0.906307793407744	0.4226182480778441	1.6357390880584717	-0.08715551114955626	0.4210100665948805	-0.9028590370052426	0.8147334456443787	0.0	0.0	0.0	1.0
-0.9961947183539269	-0.03683350966389782	0.07898971888530794	-1.8229165077209473	-2.564556969564258e-10	0.906307793407744	0.4226182480778441	1.6357390880584717	-0.08715551114955626	0.4210100665948805	-0.9028590370052426	1.0139724016189575	0.0	0.0	0.0	1.0
-0.9961947183539269	-0.03683350966389782	0.07898971888530794	-1.8403476476669312	-2.564556969564258e-10	0.906307793407744	0.4226182480778441	1.6357390880584717	-0.08715551114955626	0.4210100665948805	-0.9028590370052426	1.2132112979888916	0.0	0.0	0.0	1.0
-0.9961947183539269	-0.03683350966389782	0.07898971888530794	-1.857778787612915	-2.564556969564258e-10	0.906307793407744	0.4226182480778441	1.6357390880584717	-0.08715551114955626	0.4210100665948805	-0.9028590370052426	1.4124501943588257	0.0	0.0	0.0	1.0
-0.9961947183539269	-0.03683350966389782	0.07898971888530794	-1.875209927558899	-2.564556969564258e-10	0.906307793407744	0.4226182480778441	1.6357390880584717	-0.08715551114955626	0.4210100665948805	-0.9028590370052426	1.6116890907287598	0.0	0.0	0.0	1.0
-0.9961947183539269	-0.03683350966389782	0.07898971888530794	-1.8926410675048828	-2.564556969564258e-10	0.906307793407744	0.4226182480778441	1.6357390880584717	-0.08715551114955626	0.4210100665948805	-0.9028590370052426	1.8109279870986938	0.0	0.0	0.0	1.0
-0.9961947183539269	-0.03683350966389782	0.07898971888530794	-1.9100722074508667	-2.564556969564258e-10	0.906307793407744	0.4226182480778441	1.6357390880584717	-0.08715551114955626	0.4210100665948805	-0.9028590370052426	2.010166883468628	0.0	0.0	0.0	1.0
-0.9999999999999728	9.824231179286482e-08	-2.1068132137075077e-07	-1.9100722074508667	1.8275864442239297e-15	0.9063077933127551	0.422618248281548	1.6357390880584717	2.3246111718077073e-07	0.42261824828153655	-0.9063077933127307	2.010166883468628	0.0	0.0	0.0	1.0
-0.9961946784915492	0.03683370188069267	-0.07899013198421186	-1.9100722074508667	-1.1910014988125717e-10	0.9063077934146737	0.4226182480629832	1.6357390880584717	0.08715596677863742	0.421010049763173	-0.9028590008707293	2.010166883468628	0.0	0.0	0.0	1.0
-0.9848077131366919	0.07338698226257567	-0.15737890259139578	-1.9100722074508667	-2.3019800510226673e-09	0.9063077930946009	0.42261824874938214	1.6357390880584717	0.17364840381206972	0.41619771144299567	-0.8925389049465204	2.010166883468628	0.0	0.0	0.0	1.0
-0.9659257700480168	0.10938174092773807	-0.23456990750896237	-1.9100722074508667	-2.209105856576521e-09	0.9063077884602639	0.4226182586877494	1.6357390880584717	0.2588192549968915	0.408217867477506	-0.8754260482273597	2.010166883468628	0.0	0.0	0.0	1.0
-0.9396925461661859	0.1445440405938661	-0.3099757071263959	-1.9100722074508667	1.3399686776827124e-09	0.9063077947308072	0.4226182452405255	1.6357390880584717	0.34202034834160144	0.3971312145109973	-0.8516506794345376	2.010166883468628	0.0	0.0	0.0	1.0
-0.9063076978884754	0.1786062679466969	-0.38302239855946413	-1.9100722074508667	3.0658287020202124e-09	0.906307798648537	0.4226182368389269	1.6357390880584717	0.42261845291952443	0.38302216014089324	-0.8213937351191036	2.010166883468628	0.0	0.0	0.0	1.0
-0.8660253044210422	0.2113091898368278	-0.45315405591580515	-1.9100722074508667	-7.709172883396676e-09	0.9063077942330111	0.42261824630805267	1.6357390880584717	0.5000001721024115	0.3659980989062612	-0.7848854817707875	2.010166883468628	0.0	0.0	0.0	1.0
-0.8191519471136871	0.2424039300414706	-0.5198369188892848	-1.9100722074508667	-4.7821740595255235e-09	0.9063077883094425	0.422618259011187	1.6357390880584717	0.5735765751317388	0.34618857224076105	-0.7424037883187614	2.010166883468628	0.0	0.0	0.0	1.0
-0.7660443347897478	0.2716538280827203	-0.5825635371567098	-1.9100722074508667	-2.6529299868016665e-09	0.9063077920497394	0.42261825099009465	1.6357390880584717	0.6427877387882671	0.3237443184952139	-0.6942719489548289	2.010166883468628	0.0	0.0	0.0	1.0
-0.7071066974680001	0.29883626212856096	-0.6408564635181019	-1.9100722074508667	4.897472399845171e-09	0.9063077970083998	0.4226182403562121	1.6357390880584717	0.707106864905085	0.29883618508944176	-0.6408563146956506	2.010166883468628	0.0	0.0	0.0	1.0
-0.6427874967488283	0.3237444019817882	-0.6942721341151674	-1.9100722074508667	1.0756733365147042e-08	0.9063077963510522	0.42261824176589824	1.6357390880584717	0.7660445378849552	0.2716537142369927	-0.582563323182872	2.010166883468628	0.0	0.0	0.0	1.0
-0.5735763033199708	0.34618864355594525	-0.7424039650639612	-1.9100722074508667	-2.2418114864475314e-09	0.9063077914222288	0.42261825233579486	1.6357390880584717	0.8191521374383374	0.24240381655464158	-0.5198366718979595	2.010166883468628	0.0	0.0	0.0	1.0
-0.49999985135424047	0.36599818122818917	-0.7848856477114325	-1.9100722074508667	-7.424141024170439e-10	0.9063077899848686	0.42261825541822406	1.6357390880584717	0.866025489605091	0.2113090654714106	-0.4531537600019024	2.010166883468628	0.0	0.0	0.0	1.0
-0.42261805052656165	0.3830222631892119	-0.8213938941035187	-1.9100722074508667	2.6770847205703774e-09	0.906307787561271	0.42261826061564595	1.6357390880584717	0.90630788552739	0.1786061032193697	-0.38302203138156876	2.010166883468628	0.0	0.0	0.0	1.0
-0.34201993914414835	0.3971312778826561	-0.851650814216203	-1.9100722074508667	-8.93040527638611e-09	0.9063077933504995	0.4226182482006052	1.6357390880584717	0.939692695101879	0.14454387513636452	-0.309975332781062	2.010166883468628	0.0	0.0	0.0	1.0
-0.25881889925149415	0.4082178988268237	-0.8754261387847967	-1.9100722074508667	2.2180370873314814e-09	0.9063077927748915	0.42261824943500054	1.6357390880584717	0.9659258653697212	0.10938158818063254	-0.23456958621449098	2.010166883468628	0.0	0.0	0.0	1.0
-0.17364800787569717	0.4161977467348599	-0.8925389655211851	-1.9100722074508667	-2.8885086267305127e-09	0.9063077899676228	0.42261825545520776	1.6357390880584717	0.9848077829509685	0.07338682072980585	-0.15737854104791288	2.010166883468628	0.0	0.0	0.0	1.0
-0.08715555786535345	0.4210100683767811	-0.9028590316647205	-1.9100722074508667	-6.7313527252199634e-09	0.9063077915257309	0.4226182521138334	1.6357390880584717	0.9961947142668337	0.03683353560452435	-0.07898975833417432	2.010166883468628	0.0	0.0	0.0	1.0
1.7371343302707842e-07	0.4226182388848898	-0.9063077976944719	-1.9100722074508667	4.658811281199604e-09	0.9063077976944853	0.4226182388848969	1.6357390880584717	0.9999999999999848	-7.763678211425429e-08	1.5546894022167024e-07	2.010166883468628	0.0	0.0	0.0	1.0
0.0871558989031142	0.421010074840676	-0.902858995729144	-1.9100722074508667	-5.411635001228987e-09	0.9063077830466035	0.42261827029738147	1.6357390880584717	0.996194684429901	-0.03683367035470425	0.07899007179266809	2.010166883468628	0.0	0.0	0.0	1.0
0.1736483446391473	0.4161977039533876	-0.8925389199514003	-1.9100722074508667	-6.53180179388535e-09	0.9063077990440505	0.4226182359907449	1.6357390880584717	0.9848077235704865	-0.0733869512642221	0.1573788517560693	2.010166883468628	0.0	0.0	0.0	1.0
0.2588190656102893	0.4082178794371995	-0.8754260986424914	-1.9100722074508667	2.4009165211502648e-09	0.9063077925178988	0.4226182499861233	1.6357390880584717	0.9659258207940281	-0.10938166267308905	0.2345697350347094	2.010166883468628	0.0	0.0	0.0	1.0
0.34202019097632	0.3971312208417323	-0.8516507396798743	-1.9100722074508667	-4.717620183392057e-10	0.906307803879812	0.42261822562042023	1.6357390880584717	0.9396926034424884	-0.14454396583499313	0.30997556835365386	2.010166883468628	0.0	0.0	0.0	1.0
0.42261832973389396	0.38302221173168405	-0.821393774442626	-1.9100722074508667	-6.611604569384255e-09	0.9063077865019513	0.4226182628873653	1.6357390880584717	0.9063077553308999	-0.17860621894576717	0.3830222854886685	2.010166883468628	0.0	0.0	0.0	1.0
0.5000000931266527	0.36599810815829414	-0.7848855277668764	-1.9100722074508667	-6.231861887640022e-09	0.9063077992666767	0.4226182355133212	1.6357390880584717	0.8660253500177338	-0.2113091522223841	0.4531539863155998	2.010166883468628	0.0	0.0	0.0	1.0
0.4226183895489626	0.3830222015480935	-0.8213937484156387	-1.9100722074508667	-4.8415914888355616e-09	0.9063077853277639	0.4226182654054179	1.6357390880584717	0.9063077274386674	-0.1786062467427607	0.38302233852534345	2.010166883468628	0.0	0.0	0.0	1.0
0.34202028304528215	0.39713121503440324	-0.8516507054132719	-1.9100722074508667	-9.690225011294018e-09	0.9063078011518806	0.42261823147048866	1.6357390880584717	0.9396925699321163	-0.14454399889494612	0.3099756545244043	2.010166883468628	0.0	0.0	0.0	1.0
0.25881923196907314	0.40821786004756294	-0.8754260585001612	-1.9100722074508667	7.019869852076255e-09	0.9063077922609057	0.42261825053724666	1.6357390880584717	0.9659257762183071	-0.10938173716554053	0.23456988385491767	2.010166883468628	0.0	0.0	0.0	1.0
0.17364851019625882	0.4161977114486833	-0.8925388842462262	-1.9100722074508667	-2.4179463375961774e-08	0.9063077909684437	0.42261825330893976	1.6357390880584717	0.9848076943782574	-0.07338700848773125	0.15737900774436986	2.010166883468628	0.0	0.0	0.0	1.0
0.08715597723148627	0.4210100561463973	-0.9028589968851347	-1.9100722074508667	-2.284294808863052e-08	0.9063077910860472	0.42261825305673806	1.6357390880584717	0.9961946775770406	-0.03683368621706237	0.078990150821725	2.010166883468628	0.0	0.0	0.0	1.0
1.7827455600638586e-07	0.4226182575311721	-0.9063077889995671	-1.9100722074508667	2.5232707673294996e-08	0.9063077889995793	0.42261825753118276	1.6357390880584717	0.9999999999999837	-9.82106817815076e-08	1.5090781579907286e-07	2.010166883468628	0.0	0.0	0.0	1.0
-0.08715546764729287	0.4210100739137585	-0.902859037791788	-1.9100722074508667	-4.302557587987366e-09	0.90630779058516	0.4226182541308946	1.6357390880584717	0.9961947221598706	0.03683349545966361	-0.07898967750941444	2.010166883468628	0.0	0.0	0.0	1.0
-0.17364791520897332	0.41619775592740615	-0.8925389792634091	-1.9100722074508667	-3.649470725619608e-10	0.90630778907272	0.42261825737433245	1.6357390880584717	0.984807799290591	0.07338677964803167	-0.15737845795824174	2.010166883468628	0.0	0.0	0.0	1.0
-0.2588187328926873	0.4082179182164354	-0.8754261789270772	-1.9100722074508667	6.836990890102257e-09	0.9063077930318836	0.42261824888387844	1.6357390880584717	0.9659259099453867	0.10938151368817098	-0.23456943739426228	2.010166883468628	0.0	0.0	0.0	1.0
-0.3420198067326701	0.39713129482526016	-0.851650859491705	-1.9100722074508667	-5.151366555544712e-09	0.9063077956313816	0.42261824330923814	1.6357390880584717	0.9396927432956731	0.14454381428549187	-0.30997521505638836	2.010166883468628	0.0	0.0	0.0	1.0
-0.3420198067326701	0.39713129482526016	-0.851650859491705	-1.7221336364746094	-5.151366555544712e-09	0.9063077956313816	0.42261824330923814	1.6357390880584717	0.9396927432956731	0.14454381428549187	-0.30997521505638836	2.07857084274292	0.0	0.0	0.0	1.0
-0.3420198067326701	0.39713129482526016	-0.851650859491705	-1.534195065498352	-5.151366555544712e-09	0.9063077956313816	0.42261824330923814	1.6357390880584717	0.9396927432956731	0.14454381428549187	-0.30997521505638836	2.146974802017212	0.0	0.0	0.0	1.0
-0.3420198067326701	0.39713129482526016	-0.851650859491705	-1.3462564945220947	-5.151366555544712e-09	0.9063077956313816	0.42261824330923814	1.6357390880584717	0.9396927432956731	0.14454381428549187	-0.30997521505638836	2.215378761291504	0.0	0.0	0.0	1.0
-0.3420198067326701	0.39713129482526016	-0.851650859491705	-1.1583179235458374	-5.151366555544712e-09	0.9063077956313816	0.42261824330923814	1.6357390880584717	0.9396927432956731	0.14454381428549187	-0.30997521505638836	2.283782720565796	0.0	0.0	0.0	1.0
-0.3420198067326701	0.39713129482526016	-0.851650859491705	-0.9703793525695801	-5.151366555544712e-09	0.9063077956313816	0.42261824330923814	1.6357390880584717	0.9396927432956731	0.14454381428549187	-0.30997521505638836	2.352186679840088	0.0	0.0	0.0	1.0
-0.3420198067326701	0.39713129482526016	-0.851650859491705	-0.7824407815933228	-5.151366555544712e-09	0.9063077956313816	0.42261824330923814	1.6357390880584717	0.9396927432956731	0.14454381428549187	-0.30997521505638836	2.42059063911438	0.0	0.0	0.0	1.0
-0.3420198067326701	0.39713129482526016	-0.851650859491705	-0.5945022106170654	-5.151366555544712e-09	0.9063077956313816	0.42261824330923814	1.6357390880584717	0.9396927432956731	0.14454381428549187	-0.30997521505638836	2.488994598388672	0.0	0.0	0.0	1.0
-0.3420198067326701	0.39713129482526016	-0.851650859491705	-0.4065636396408081	-5.151366555544712e-09	0.9063077956313816	0.42261824330923814	1.6357390880584717	0.9396927432956731	0.14454381428549187	-0.30997521505638836	2.557398557662964	0.0	0.0	0.0	1.0
-0.3420198067326701	0.39713129482526016	-0.851650859491705	-0.21862508356571198	-5.151366555544712e-09	0.9063077956313816	0.42261824330923814	1.6357390880584717	0.9396927432956731	0.14454381428549187	-0.30997521505638836	2.625802516937256	0.0	0.0	0.0	1.0
-0.3420198067326701	0.39713129482526016	-0.851650859491705	-0.030686527490615845	-5.151366555544712e-09	0.9063077956313816	0.42261824330923814	1.6357390880584717	0.9396927432956731	0.14454381428549187	-0.30997521505638836	2.694206476211548	0.0	0.0	0.0	1.0
-0.3420198067326701	0.39713129482526016	-0.851650859491705	0.15725202858448029	-5.151366555544712e-09	0.9063077956313816	0.42261824330923814	1.6357390880584717	0.9396927432956731	0.14454381428549187	-0.30997521505638836	2.76261043548584	0.0	0.0	0.0	1.0
-0.2588188051213265	0.40821791185479384	-0.8754261605392433	0.15725202858448029	4.8315618450534e-09	0.9063077919273608	0.4226182512525363	1.6357390880584717	0.9659258905918038	0.10938154658197036	-0.23456950175111735	2.76261043548584	0.0	0.0	0.0	1.0
-0.2588188051213265	0.40821791185479384	-0.8754261605392433	0.3504372239112854	4.8315618450534e-09	0.9063077919273608	0.4226182512525363	1.6357390880584717	0.9659258905918038	0.10938154658197036	-0.23456950175111735	2.8143742084503174	0.0	0.0	0.0	1.0
-0.2588188051213265	0.40821791185479384	-0.8754261605392433	0.5436224341392517	4.8315618450534e-09	0.9063077919273608	0.4226182512525363	1.6357390880584717	0.9659258905918038	0.10938154658197036	-0.23456950175111735	2.866137981414795	0.0	0.0	0.0	1.0
-0.2588188051213265	0.40821791185479384	-0.8754261605392433	0.736807644367218	4.8315618450534e-09	0.9063077919273608	0.4226182512525363	1.6357390880584717	0.9659258905918038	0.10938154658197036	-0.23456950175111735	2.9179017543792725	0.0	0.0	0.0	1.0
-0.2588188051213265	0.40821791185479384	-0.8754261605392433	0.9299928545951843	4.8315618450534e-09	0.9063077919273608	0.4226182512525363	1.6357390880584717	0.9659258905918038	0.10938154658197036	-0.23456950175111735	2.96966552734375	0.0	0.0	0.0	1.0
-0.17364791520897332	0.41619775592740615	-0.8925389792634091	0.9299928545951843	-3.649470725619608e-10	0.90630778907272	0.42261825737433245	1.6357390880584717	0.984807799290591	0.07338677964803167	-0.15737845795824174	2.96966552734375	0.0	0.0	0.0	1.0
-0.08715546764729287	0.4210100739137585	-0.902859037791788	0.9299928545951843	-4.302557587987366e-09	0.90630779058516	0.4226182541308946	1.6357390880584717	0.9961947221598706	0.03683349545966361	-0.07898967750941444	2.96966552734375	0.0	0.0	0.0	1.0
1.7827455600638586e-07	0.4226182575311721	-0.9063077889995671	0.9299928545951843	2.5232707673294996e-08	0.9063077889995793	0.42261825753118276	1.6357390880584717	0.9999999999999837	-9.82106817815076e-08	1.5090781579907286e-07	2.96966552734375	0.0	0.0	0.0	1.0
0.08715597723148627	0.4210100561463973	-0.9028589968851347	0.9299928545951843	-2.284294808863052e-08	0.9063077910860472	0.42261825305673806	1.6357390880584717	0.9961946775770406	-0.03683368621706237	0.078990150821725	2.96966552734375	0.0	0.0	0.0	1.0
0.1736484223957514	0.4161977000781617	-0.8925389066304705	0.9299928545951843	-4.414281246090113e-09	0.9063077979775472	0.4226182382778696	1.6357390880584717	0.9848077098598829	-0.07338698641270602	0.15737892116098207	2.96966552734375	0.0	0.0	0.0	1.0
0.25881913783890387	0.4082178730755485	-0.8754260802546391	0.9299928545951843	4.406344511487248e-09	0.9063077914133753	0.42261825235478145	1.6357390880584717	0.9659258014404245	-0.10938169556687774	0.23456979939154232	2.96966552734375	0.0	0.0	0.0	1.0
0.3420202203162428	0.397131238096041	-0.8516507198512397	0.9299928545951843	5.108968498257482e-09	0.9063077922196575	0.4226182506257042	1.6357390880584717	0.9396925927636277	-0.14454399153972514	0.3099755887403638	2.96966552734375	0.0	0.0	0.0	1.0
0.4226183895489626	0.3830222015480935	-0.8213937484156387	0.9299928545951843	-4.8415914888355616e-09	0.9063077853277639	0.4226182654054179	1.6357390880584717	0.9063077274386674	-0.1786062467427607	0.38302233852534345	2.96966552734375	0.0	0.0	0.0	1.0
0.500000139189381	0.3659980956262272	-0.7848855042670713	0.9299928545951843	-4.805398023943752e-09	0.9063077996147324	0.42261823476691385	1.6357390880584717	0.8660253234233972	-0.21130917243574013	0.4531540277145543	2.96966552734375	0.0	0.0	0.0	1.0
0.573576524103411	0.3461885832960565	-0.7424038225877603	0.9299928545951843	-3.357225192290869e-09	0.9063077901904345	0.4226182549773867	1.6357390880584717	0.8191519828441174	-0.2424039072201617	0.5198368732275058	2.96966552734375	0.0	0.0	0.0	1.0
0.6427876673091801	0.3237443360860873	-0.6942720069305699	0.9299928545951843	-4.785476265256605e-09	0.9063077975278092	0.4226182392423349	1.6357390880584717	0.7660443947678377	-0.27165378884247127	0.582563476586292	2.96966552734375	0.0	0.0	0.0	1.0
0.7071068558513204	0.29883620185743187	-0.6408563168663348	0.9299928545951843	-1.2250989611661822e-08	0.9063077957211361	0.42261824311675805	1.6357390880584717	0.7071067065217667	-0.2988362492645756	0.6408564595269526	2.96966552734375	0.0	0.0	0.0	1.0
0.7660444730861011	0.27165375524161295	-0.5825633892696721	0.9299928545951843	8.423049258077242e-09	0.9063077914557306	0.4226182522639503	1.6357390880584717	0.6427875739731109	-0.32374438127906685	0.6942720722713802	2.96966552734375	0.0	0.0	0.0	1.0
0.7660444844453768	0.2198463037961734	-0.6040227235443865	0.9299928545951843	6.090122156576783e-09	0.9396926125007443	0.34202016608896985	1.6357390880584717	0.6427875604356525	-0.26200266548011913	0.7198463415413707	2.96966552734375	0.0	0.0	0.0	1.0
0.7660444917058418	0.1663656864871317	-0.6208850900825402	0.9299928545951843	-3.56436605231103e-09	0.9659258164957047	0.2588190816518483	1.6357390880584717	0.6427875517829655	-0.19826692963470113	0.7399421517159905	2.96966552734375	0.0	0.0	0.0	1.0
0.7660444690350754	0.11161891725410297	-0.6330221866347112	0.9299928545951843	3.01783469047745e-09	0.9848077453738598	0.1736482209861499	1.6357390880584717	0.6427875788009358	-0.13302226115457694	0.7544065260697008	2.96966552734375	0.0	0.0	0.0	1.0
0.7660444997073831	0.05602265398168675	-0.6403415391093357	0.9299928545951843	3.765987174886298e-11	0.9961946942348543	0.08715578683211331	1.6357390880584717	0.6427875422470979	-0.06676521114452477	0.7631294661541788	2.96966552734375	0.0	0.0	0.0	1.0
0.7660444905341126	2.8734842108892307e-08	-0.642787553179378	0.9299928545951843	1.135324730211752e-16	0.9999999999999993	4.4703482595040845e-08	1.6357390880584717	0.6427875531793786	-3.424485662259588e-08	0.7660444905341117	2.96966552734375	0.0	0.0	0.0	1.0
0.7660444997066624	-0.056022598212373785	-0.6403415439893809	0.9299928545951843	-1.1975531677421714e-11	0.9961947018281941	-0.08715570003984581	1.6357390880584717	0.6427875422479572	0.06676514464127604	0.7631294719717359	2.96966552734375	0.0	0.0	0.0	1.0
0.7660444688908754	-0.11161885980950922	-0.6330221969382445	0.9299928545951843	-4.5367015005792766e-10	0.9848077616706656	-0.17364812856236989	1.6357390880584717	0.6427875789727867	0.13302218870563837	0.7544065386979787	2.96966552734375	0.0	0.0	0.0	1.0
0.766044492077295	-0.16636562356403856	-0.6208851064844351	0.9299928545951843	-8.250554545119471e-10	0.9659258413238372	-0.25881898899199385	1.6357390880584717	0.6427875513402851	0.1982668614745955	0.7399421703639916	2.96966552734375	0.0	0.0	0.0	1.0
0.8191520610648684	-0.1484524685587239	-0.5540322783304233	0.9299928545951843	2.8748244063070416e-10	0.9659258407790662	-0.2588189910251071	1.6357390880584717	0.5735764123926109	0.21201210978167154	0.7912401433526652	2.96966552734375	0.0	0.0	0.0	1.0
0.8660254187895904	-0.12940948766141547	-0.4829628955867365	0.9299928545951843	-2.5403652792466147e-09	0.9659258402428768	-0.2588189930261936	1.6357390880584717	0.4999999740103143	0.22414382805311153	0.8365163299872769	2.96966552734375	0.0	0.0	0.0	1.0
