1.0	0.0	0.0	1.7619960308074951	0.0	1.0	0.0	4.380223274230957	0.0	0.0	1.0	0.36434799432754517	0.0	0.0	0.0	1.0
0.9999999999999999	-0.0	0.0	1.7619960308074951	0.0	0.9961946982682389	0.08715574073032861	4.380223274230957	-0.0	-0.08715574073032861	0.9961946982682389	0.36434799432754517	0.0	0.0	0.0	1.0
1.0000000000000002	-0.0	0.0	1.7619960308074951	0.0	0.9848077531002408	0.17364817716767306	4.380223274230957	-0.0	-0.17364817716767306	0.9848077531002408	0.36434799432754517	0.0	0.0	0.0	1.0
0.9999999999999999	-0.0	0.0	1.7619960308074951	0.0	0.9659258316218277	0.25881902520039096	4.380223274230957	-0.0	-0.25881902520039096	0.9659258316218277	0.36434799432754517	0.0	0.0	0.0	1.0
1.0	-0.0	0.0	1.7619960308074951	0.0	0.93969262448596	0.3420201331598604	4.380223274230957	-0.0	-0.3420201331598604	0.93969262448596	0.36434799432754517	0.0	0.0	0.0	1.0
1.0000000000000002	-0.0	0.0	1.7619960308074951	0.0	0.9063077933127555	0.4226182482815481	4.380223274230957	-0.0	-0.4226182482815481	0.9063077933127555	0.36434799432754517	0.0	0.0	0.0	1.0
1.0	-0.0	0.0	1.7619960308074951	0.0	0.8660253883290534	0.5000000267695114	4.380223274230957	-0.0	-0.5000000267695114	0.8660253883290534	0.36434799432754517	0.0	0.0	0.0	1.0
1.0	-0.0	0.0	1.7619960308074951	0.0	0.8191520362026039	0.5735764478996047	4.380223274230957	-0.0	-0.5735764478996047	0.8191520362026039	0.36434799432754517	0.0	0.0	0.0	1.0
1.0000000000000002	-0.0	0.0	1.7619960308074951	0.0	0.7660444185289921	0.6427876389917426	4.380223274230957	-0.0	-0.6427876389917426	0.7660444185289921	0.36434799432754517	0.0	0.0	0.0	1.0
1.0	-0.0	0.0	1.7619960308074951	0.0	0.7071068129364553	0.7071067494366384	4.380223274230957	-0.0	-0.7071067494366384	0.7071068129364553	0.36434799432754517	0.0	0.0	0.0	1.0
0.9961946980356502	-0.061628415188962546	0.061628419150230714	1.7619960308074951	-2.6568598952836364e-09	0.7071067824383226	0.7071067799347724	4.380223274230957	-0.08715574338883048	-0.7044160252798196	0.704416027446367	0.36434799432754517	0.0	0.0	0.0	1.0
0.9848077537948811	-0.1227877941557132	0.122787807504878	1.7619960308074951	5.215468994179684e-09	0.707106840539018	0.707106721834072	4.380223274230957	-0.1736481732281706	-0.6963641817822782	0.6963642999646213	0.36434799432754517	0.0	0.0	0.0	1.0
0.9659258309055688	-0.18301267865762827	0.18301270076130355	1.7619960308074951	2.1457484539189053e-09	0.7071068295501118	0.7071067328229801	4.380223274230957	-0.25881902787350614	-0.6830126580482598	0.6830127522648932	0.36434799432754517	0.0	0.0	0.0	1.0
0.939692622488945	-0.24184474088536898	0.2418447777933985	1.7619960308074951	-7.592406620071657e-09	0.7071068203922535	0.7071067419808397	4.380223274230957	-0.3420201386466146	-0.6644629905877728	0.6644630605980323	0.36434799432754517	0.0	0.0	0.0	1.0
0.9063077856469394	-0.29883622411576205	0.298836257559178	1.7619960308074951	2.377141955500761e-09	0.7071068243581649	0.7071067380149275	4.380223274230957	-0.4226182647209433	-0.6408563412359632	0.6408564209102638	0.36434799432754517	0.0	0.0	0.0	1.0
0.8660253939859721	-0.3535533877289623	0.3535534174588279	1.7619960308074951	-5.510669809360991e-09	0.7071068041672476	0.707106758205847	4.380223274230957	-0.5000000169714418	-0.6123724108136783	0.6123724467207861	0.36434799432754517	0.0	0.0	0.0	1.0
0.8191520512652151	-0.4055797671584407	0.4055797940969144	1.7619960308074951	8.22474835460163e-09	0.7071068129752333	0.7071067493978603	4.380223274230957	-0.5735764263879666	-0.579227940896944	0.5792279996480626	0.36434799432754517	0.0	0.0	0.0	1.0
0.7660444131758022	-0.45451948344500537	0.4545195223651305	1.7619960308074951	1.6308663614017505e-08	0.7071068252042888	0.7071067371688033	4.380223274230957	-0.6427876453714249	-0.541675158114526	0.5416752403788293	0.36434799432754517	0.0	0.0	0.0	1.0
0.707106810988871	-0.49999995768138594	0.5000000001717614	1.7619960308074951	-3.435261797246625e-10	0.707106810988871	0.7071067513842227	4.380223274230957	-0.7071067513842227	-0.5000000001717614	0.5000000419750878	0.36434799432754517	0.0	0.0	0.0	1.0
0.6427876042731858	-0.5416752077048359	0.5416752395584103	1.7619960308074951	-2.3486657174665027e-08	0.7071067880420818	0.7071067743310128	4.380223274230957	-0.7660444476613206	-0.4545194821597126	0.4545194655287373	0.36434799432754517	0.0	0.0	0.0	1.0
0.5735764307016159	-0.5792279410260095	0.5792279952474361	1.7619960308074951	-2.3889065337012738e-08	0.707106802454627	0.7071067599184668	4.380223274230957	-0.8191520482447648	-0.4055797853162342	0.4055797820395435	0.36434799432754517	0.0	0.0	0.0	1.0
0.4999999618362391	-0.6123724272955655	0.6123724752566015	1.7619960308074951	1.1392613574745525e-08	0.7071068135278777	0.7071067488452158	4.380223274230957	-0.8660254258182951	-0.353553340460232	0.3535533867546059	0.36434799432754517	0.0	0.0	0.0	1.0
0.4226181482307133	-0.6408563860572183	0.6408564529094828	1.7619960308074951	-3.803474701857823e-09	0.7071068168140839	0.7071067455590092	4.380223274230957	-0.906307839967217	-0.2988361458470759	0.29883617108580135	0.36434799432754517	0.0	0.0	0.0	1.0
0.34202004969171074	-0.664463009373069	0.6644630876006316	1.7619960308074951	1.2013359251827893e-08	0.7071068259023884	0.7071067364707038	4.380223274230957	-0.9396926548658767	-0.24184467316261976	0.2418447197149156	0.36434799432754517	0.0	0.0	0.0	1.0
0.25881895744704625	-0.6830127016106204	0.6830127353897478	1.7619960308074951	-1.4372131207363026e-08	0.707106795948842	0.7071067664242527	4.380223274230957	-0.9659258497762776	-0.18301264590602584	0.1830126339148524	0.36434799432754517	0.0	0.0	0.0	1.0
0.2588190142073593	-0.6208851325571134	0.7399421396665188	1.7619960308074951	1.5376001194500333e-08	0.7660444681614164	0.6427875798421219	4.380223274230957	-0.965925834567401	-0.16636563638212104	0.19826688363526912	0.36434799432754517	0.0	0.0	0.0	1.0
0.2588189640269112	-0.5540323202661155	0.7912401228202353	1.7619960308074951	-6.786274819869931e-09	0.8191520326744336	0.5735764529383538	4.380223274230957	-0.9659258480132087	-0.148452468709308	0.21201207671751987	0.36434799432754517	0.0	0.0	0.0	1.0
0.25881896237273766	-0.48296295745865836	0.8365163037497148	1.7619960308074951	-2.0362017322250736e-08	0.866025381194049	0.5000000391276996	4.380223274230957	-0.9659258484564426	-0.129409508346519	0.22414378071499835	0.36434799432754517	0.0	0.0	0.0	1.0
0.25881897033000073	-0.40821792956894165	0.8754261034352157	1.7619960308074951	5.583472045822546e-09	0.9063077744293302	0.4226182887771831	4.380223274230957	-0.9659258463243016	-0.10938162545602029	0.23456964725914725	0.36434799432754517	0.0	0.0	0.0	1.0
0.2588190418736194	-0.33036613258150915	0.90767335644865	1.7619960308074951	1.3578959234816779e-08	0.9396926059269044	0.3420201841504434	4.380223274230957	-0.9659258271542496	-0.08852132403799717	0.2432103444077543	0.36434799432754517	0.0	0.0	0.0	1.0
0.2588189709931217	-0.25000006048767953	0.9330127062426419	1.7619960308074951	-3.4766449996670445e-09	0.9659258106943004	0.2588191033029804	4.380223274230957	-0.9659258461466189	-0.06698729723399381	0.2499999235104342	0.36434799432754517	0.0	0.0	0.0	1.0
0.2588189709931217	-0.25000006048767953	0.9330127062426419	1.5688108205795288	-3.4766449996670445e-09	0.9659258106943004	0.2588191033029804	4.380223274230957	-0.9659258461466189	-0.06698729723399381	0.2499999235104342	0.3125842213630676	0.0	0.0	0.0	1.0
0.2588189709931217	-0.25000006048767953	0.9330127062426419	1.3756256103515625	-3.4766449996670445e-09	0.9659258106943004	0.2588191033029804	4.380223274230957	-0.9659258461466189	-0.06698729723399381	0.2499999235104342	0.2608204483985901	0.0	0.0	0.0	1.0
0.2588189709931217	-0.25000006048767953	0.9330127062426419	1.1824404001235962	-3.4766449996670445e-09	0.9659258106943004	0.2588191033029804	4.380223274230957	-0.9659258461466189	-0.06698729723399381	0.2499999235104342	0.20905666053295135	0.0	0.0	0.0	1.0
0.2588189709931217	-0.25000006048767953	0.9330127062426419	0.9892551898956299	-3.4766449996670445e-09	0.9659258106943004	0.2588191033029804	4.380223274230957	-0.9659258461466189	-0.06698729723399381	0.2499999235104342	0.15729287266731262	0.0	0.0	0.0	1.0
0.2588189709931217	-0.25000006048767953	0.9330127062426419	0.7960699796676636	-3.4766449996670445e-09	0.9659258106943004	0.2588191033029804	4.380223274230957	-0.9659258461466189	-0.06698729723399381	0.2499999235104342	0.10552908480167389	0.0	0.0	0.0	1.0
0.2588189709931217	-0.25000006048767953	0.9330127062426419	0.6028847694396973	-3.4766449996670445e-09	0.9659258106943004	0.2588191033029804	4.380223274230957	-0.9659258461466189	-0.06698729723399381	0.2499999235104342	0.053765300661325455	0.0	0.0	0.0	1.0
0.2588189709931217	-0.25000006048767953	0.9330127062426419	0.40969955921173096	-3.4766449996670445e-09	0.9659258106943004	0.2588191033029804	4.380223274230957	-0.9659258461466189	-0.06698729723399381	0.2499999235104342	0.0020015165209770203	0.0	0.0	0.0	1.0
0.2588189709931217	-0.25000006048767953	0.9330127062426419	0.2151404172182083	-3.4766449996670445e-09	0.9659258106943004	0.2588191033029804	4.380223274230957	-0.9659258461466189	-0.06698729723399381	0.2499999235104342	-0.019535457715392113	0.0	0.0	0.0	1.0
0.2588189709931217	-0.25000006048767953	0.9330127062426419	0.021955221891403198	-3.4766449996670445e-09	0.9659258106943004	0.2588191033029804	4.380223274230957	-0.9659258461466189	-0.06698729723399381	0.2499999235104342	-0.0712992399930954	0.0	0.0	0.0	1.0
0.2588189709931217	-0.25000006048767953	0.9330127062426419	-0.17122997343540192	-3.4766449996670445e-09	0.9659258106943004	0.2588191033029804	4.380223274230957	-0.9659258461466189	-0.06698729723399381	0.2499999235104342	-0.12306302785873413	0.0	0.0	0.0	1.0
0.3420200527022761	-0.24321042166806697	0.9076733852777514	-0.17122997343540192	-4.230511163605399e-09	0.9659258069769981	0.2588191171761369	4.380223274230957	-0.9396926537701209	-0.08852133193686132	0.33036599437985703	-0.12306302785873413	0.0	0.0	0.0	1.0
0.42261817286683545	-0.23456979124828964	0.8754261208099929	-0.17122997343540192	-4.402494230282272e-09	0.9659258066847032	0.2588191182669978	4.380223274230957	-0.9063078284792085	-0.10938166671906241	0.4082177985133211	-0.12306302785873413	0.0	0.0	0.0	1.0
0.5000000119367451	-0.22414392220991353	0.8365162820887654	-0.17122997343540192	9.971693887278477e-10	0.9659258091265872	0.25881910915376377	4.380223274230957	-0.8660253968927555	-0.12940955683219119	0.48296291631681326	-0.12306302785873413	0.0	0.0	0.0	1.0
0.5735763555838981	-0.2120122219240565	0.7912401544852979	-0.17122997343540192	-4.354911084525348e-09	0.9659258067271814	0.25881911810846514	4.380223274230957	-0.8191521008427517	-0.14845252996587244	0.554032203063719	-0.12306302785873413	0.0	0.0	0.0	1.0
0.6427875617879125	-0.19826695278392437	0.7399421368218787	-0.17122997343540192	1.4052838198663764e-09	0.9659258087177698	0.25881911067949126	4.380223274230957	-0.7660444833106957	-0.1663657040579573	0.620885095732334	-0.12306302785873413	0.0	0.0	0.0	1.0
0.7071067444261617	-0.1830127530192434	0.6830127262499227	-0.17122997343540192	3.870152393004034e-10	0.9659258106206124	0.25881910357798626	4.380223274230957	-0.7071068179469312	-0.18301273346199112	0.6830126553759713	-0.12306302785873413	0.0	0.0	0.0	1.0
0.766044383127743	-0.16636573537367583	0.6208852109464459	-0.17122997343540192	-7.083283543041219e-10	0.9659258087599889	0.2588191105219285	4.380223274230957	-0.642787681181303	-0.19826692630123238	0.7399420402008701	-0.12306302785873413	0.0	0.0	0.0	1.0
0.8191519953716079	-0.1484525604704918	0.5540323508320322	-0.17122997343540192	-7.778616362141832e-10	0.9659258087918374	0.2588191104030659	4.380223274230957	-0.5735765062123037	-0.21201219115793646	0.7912400535372924	-0.12306302785873413	0.0	0.0	0.0	1.0
0.8660253604343257	-0.12940957709520928	0.48296297626281387	-0.17122997343540192	1.7861876977498525e-09	0.9659258082740663	0.2588191123354143	4.380223274230957	-0.5000000750845905	-0.22414391418490687	0.8365162464945154	-0.12306302785873413	0.0	0.0	0.0	1.0
0.9063077511105169	-0.10938170235165601	0.40821796073623595	-0.17122997343540192	3.443038631978368e-10	0.9659258090669971	0.2588191093761568	4.380223274230957	-0.4226183387845318	-0.23456976482258055	0.8754260477927772	-0.12306302785873413	0.0	0.0	0.0	1.0
0.9396925942762885	-0.08852136928120233	0.3303661535976088	-0.17122997343540192	1.5054214402843158e-09	0.9659258089263417	0.2588191099010885	4.380223274230957	-0.3420202161602408	-0.24321040033389343	0.9076733294016789	-0.12306302785873413	0.0	0.0	0.0	1.0
0.9659257917246691	-0.06698734933576335	0.25000011982005	-0.17122997343540192	-6.903876498265404e-10	0.9659258071514912	0.2588191165249195	4.380223274230957	-0.2588191740985798	-0.2500000602154093	0.933012649973847	-0.12306302785873413	0.0	0.0	0.0	1.0
0.9659257973230703	-0.0885213751462437	0.24321044428233116	-0.17122997343540192	5.051189355675945e-09	0.9396926113824644	0.3420201691614175	4.380223274230957	-0.2588191532050727	-0.33036610336931155	0.9076733353353432	-0.12306302785873413	0.0	0.0	0.0	1.0
0.9659257973230703	-0.0885213751462437	0.24321044428233116	-0.22299382090568542	5.051189355675945e-09	0.9396926113824644	0.3420201691614175	4.380223274230957	-0.2588191532050727	-0.33036610336931155	0.9076733353353432	-0.31624817848205566	0.0	0.0	0.0	1.0
0.9659257973230703	-0.0885213751462437	0.24321044428233116	-0.27475765347480774	5.051189355675945e-09	0.9396926113824644	0.3420201691614175	4.380223274230957	-0.2588191532050727	-0.33036610336931155	0.9076733353353432	-0.5094333291053772	0.0	0.0	0.0	1.0
0.9659257973230703	-0.0885213751462437	0.24321044428233116	-0.32652148604393005	5.051189355675945e-09	0.9396926113824644	0.3420201691614175	4.380223274230957	-0.2588191532050727	-0.33036610336931155	0.9076733353353432	-0.7026184797286987	0.0	0.0	0.0	1.0
0.9659257973230703	-0.0885213751462437	0.24321044428233116	-0.37828531861305237	5.051189355675945e-09	0.9396926113824644	0.3420201691614175	4.380223274230957	-0.2588191532050727	-0.33036610336931155	0.9076733353353432	-0.8958036303520203	0.0	0.0	0.0	1.0
0.9659257973230703	-0.0885213751462437	0.24321044428233116	-0.4300491511821747	5.051189355675945e-09	0.9396926113824644	0.3420201691614175	4.380223274230957	-0.2588191532050727	-0.33036610336931155	0.9076733353353432	-1.0889887809753418	0.0	0.0	0.0	1.0
0.9848077293592273	-0.05939122879339827	0.16317603419844773	-0.4300491511821747	-1.2600440829624304e-10	0.9396926031444947	0.34202019179505044	4.380223274230957	-0.17364831180959622	-0.336824128497252	0.9254165387909078	-1.0889887809753418	0.0	0.0	0.0	1.0
0.9961946869617672	-0.029809067288461	0.08189972635203688	-0.4300491511821747	3.2541719666157043e-10	0.9396926047199237	0.3420201874665953	4.380223274230957	-0.08715586996379832	-0.34071869356123824	0.9361167802089525	-1.0889887809753418	0.0	0.0	0.0	1.0
0.999999999999991	-4.5868481285411214e-08	1.2602259428823578e-07	-0.4300491511821747	1.2084953702665717e-15	0.9396926044096796	0.34202018831898423	4.380223274230957	-1.3411044644831882e-07	-0.3420201883189811	0.9396926044096712	-1.0889887809753418	0.0	0.0	0.0	1.0
0.99619471002689	0.0298089765786623	-0.08189947881258926	-0.4300491511821747	2.5042153420362645e-10	0.939692604728523	0.3420201874429699	4.380223274230957	0.08715560632822765	-0.3407187014736013	0.9361168018744789	-1.0889887809753418	0.0	0.0	0.0	1.0
0.9848077765079057	0.059391136293842586	-0.16317578331137575	-0.4300491511821747	1.238708195044902e-09	0.93969260317779	0.34202019170357245	4.380223274230957	0.1736480444161547	-0.33682414471453004	0.9254165830628769	-1.0889887809753418	0.0	0.0	0.0	1.0
0.9659258672621348	0.08852128483283377	-0.2432101993861228	-0.4300491511821747	-3.943787768578844e-09	0.9396926114323287	0.3420201690244172	4.380223274230957	0.2588188921889074	-0.3303661274268826	0.9076734010067014	-1.0889887809753418	0.0	0.0	0.0	1.0
0.9396926648509685	0.1169777528721095	-0.32139368531176377	-0.4300491511821747	2.5236521206117857e-10	0.9396926036930108	0.34202019028801506	4.380223274230957	0.3420200222578868	-0.32139386412568877	0.8830222468755092	-1.0889887809753418	0.0	0.0	0.0	1.0
0.9063078445996295	0.14454393334035504	-0.3971311397406063	-0.4300491511821747	-2.356490516608467e-09	0.9396926077802901	0.34202017905830967	4.380223274230957	0.42261813829646966	-0.3099755703560802	0.851650782284176	-1.0889887809753418	0.0	0.0	0.0	1.0
0.8660254433107053	0.1710100727250807	-0.46984623715111185	-0.4300491511821747	-1.1441955716229302e-10	0.9396926030355516	0.3420201920943692	4.380223274230957	0.49999993153849154	-0.2961981884259791	0.8137977031392212	-1.0889887809753418	0.0	0.0	0.0	1.0
0.8191521202200835	0.1961746912029505	-0.5389854306661441	-0.4300491511821747	-5.173586933859831e-09	0.9396926021675022	0.34202019447931514	4.380223274230957	0.5735763279101935	-0.2801665646773283	0.7697511884355637	-1.0889887809753418	0.0	0.0	0.0	1.0
0.7660444747303846	0.21984633026630912	-0.6040227262309642	-0.4300491511821747	8.127791037426668e-09	0.9396925989240297	0.342020203390681	4.380223274230957	0.6427875720135302	-0.26200269196296405	0.7198463215639233	-1.0889887809753418	0.0	0.0	0.0	1.0
0.7660444720261054	0.27165379859304295	-0.5825633704484137	-0.4300491511821747	9.846166382221355e-10	0.9063077641403232	0.4226183108420268	4.380223274230957	0.6427875752363648	-0.3237444213711465	0.6942720524065591	-1.0889887809753418	0.0	0.0	0.0	1.0
0.7660445100167069	0.3213938156087377	-0.5566703009517573	-0.4300491511821747	4.203996040175184e-10	0.8660253580597267	0.5000000791975159	4.380223274230957	0.642787529960922	-0.38302231591119973	0.6634139709417928	-1.0889887809753418	0.0	0.0	0.0	1.0
0.7660444908997739	0.3686878159570719	-0.5265407223823344	-0.4300491511821747	-3.079669297356702e-10	0.8191520203996251	0.5735764704685961	4.380223274230957	0.6427875527436	-0.4393850951500477	0.6275068925500956	-1.0889887809753418	0.0	0.0	0.0	1.0
0.7660444680789523	0.4131759295406421	-0.4924038222575666	-0.4300491511821747	3.5514890195376125e-09	0.7660443914527042	0.6427876712600018	4.380223274230957	0.642787579940399	-0.4924039414668433	0.5868240669078617	-1.0889887809753418	0.0	0.0	0.0	1.0
0.7660444966179129	0.4545194517814149	-0.45451941339587554	-0.4300491511821747	4.364766048592372e-09	0.7071067476497186	0.707106814723375	4.380223274230957	0.6427875459289863	-0.5416752859237344	0.5416752305745871	-1.0889887809753418	0.0	0.0	0.0	1.0
0.7071068816597086	0.4999999457112707	-0.4999999121982017	-0.4300491511821747	3.210329307945514e-09	0.7071067552191792	0.7071068071539152	4.380223274230957	0.7071066807133723	-0.5000000910121222	0.5000000510783842	-1.0889887809753418	0.0	0.0	0.0	1.0
0.6427876850115661	0.5416752113426105	-0.5416751401111279	-0.4300491511821747	5.12544984232477e-09	0.7071067316523945	0.7071068307206974	4.380223274230957	0.7660443799137697	-0.45451956555115114	0.4545194963186081	-1.0889887809753418	0.0	0.0	0.0	1.0
0.5735765130529445	0.579227970162272	-0.579227884563338	-0.4300491511821747	-1.5398885833128872e-08	0.7071067365623619	0.7071068258107304	4.380223274230957	0.8191519905817389	-0.40557985858499046	0.4055798252331519	-1.0889887809753418	0.0	0.0	0.0	1.0
0.5000001063330854	0.6123724260534988	-0.6123723585174752	-0.4300491511821747	7.625559572677076e-09	0.7071067390814796	0.707106823291613	4.380223274230957	0.8660253423929944	-0.3535534915043387	0.35355344005989864	-1.0889887809753418	0.0	0.0	0.0	1.0
0.42261824591209207	0.640856439318409	-0.6408563352314751	-0.4300491511821747	1.2822205519569252e-09	0.7071067233401477	0.7071068390329426	4.380223274230957	0.9063077944176505	-0.29883625280626547	0.29883620226894086	-1.0889887809753418	0.0	0.0	0.0	1.0
0.3420201502775783	0.6644630705266139	-0.6644629746723644	-0.4300491511821747	-8.766076031729853e-09	0.7071067324396534	0.7071068299334384	4.380223274230957	0.9396926182556203	-0.24184477841140367	0.2418447567160314	-1.0889887809753418	0.0	0.0	0.0	1.0
0.25881905525829807	0.6830127323746111	-0.6830126675614223	-0.4300491511821747	1.170278990381135e-08	0.707106745419459	0.7071068169536343	4.380223274230957	0.9659258235678359	-0.18301272632379567	0.18301269182307972	-1.0889887809753418	0.0	0.0	0.0	1.0
0.1736483111787145	0.6963642677036281	-0.6963641796433603	-0.4300491511821747	-1.949686029290021e-08	0.7071067389080848	0.7071068234650073	4.380223274230957	0.9848077294704688	-0.12278789214072888	0.122787904611394	-1.0889887809753418	0.0	0.0	0.0	1.0
0.08715582250373138	0.7044160651178122	-0.704415977819666	-0.4300491511821747	3.4145434091303883e-08	0.7071067352583706	0.7071068271147206	4.380223274230957	0.9961946911139895	-0.06162850116777652	0.06162844505677917	-1.0889887809753418	0.0	0.0	0.0	1.0
1.718833477770687e-07	0.7071068404702008	-0.7071067219028684	-0.4300491511821747	-2.55769999624178e-08	0.7071067219028817	0.7071068404702079	4.380223274230957	0.9999999999999849	-1.0345422241098134e-07	1.3962554223923007e-07	-1.0889887809753418	0.0	0.0	0.0	1.0
-0.08715560328072319	0.7044160814939117	-0.7044159885675055	-0.4300491511821747	5.700656158236228e-08	0.7071067380724991	0.7071068243005911	4.380223274230957	0.9961947102935099	0.06162828169950091	-0.06162835449691162	-1.0889887809753418	0.0	0.0	0.0	1.0
-0.17364796531896864	0.6963643225879199	-0.6963642110040189	-0.4300491511821747	-1.037040042728421e-08	0.7071067232409154	0.7071068391321749	4.380223274230957	0.9848077904548593	0.1227876711000051	-0.12278763653257108	-1.0889887809753418	0.0	0.0	0.0	1.0
-0.25881879548011166	0.6830127963861748	-0.6830127019894738	-0.4300491511821747	-4.6326790070772006e-08	0.7071067235457524	0.7071068388273363	4.380223274230957	0.9659258931751555	0.1830125719428266	-0.1830124788222095	-1.0889887809753418	0.0	0.0	0.0	1.0
-0.25881884323713633	0.6208852504378226	-0.7399421005552755	-0.4300491511821747	1.2983756514373113e-08	0.7660443909269878	0.6427876718865262	4.380223274230957	0.9659258803787125	0.1663655520775345	-0.1982667311894426	-1.0889887809753418	0.0	0.0	0.0	1.0
-0.2588188165859086	0.5540324156205332	-0.7912401042810878	-0.4300491511821747	-5.331805719155369e-09	0.8191519802012583	0.5735765278778041	4.380223274230957	0.9659258875198812	0.14845240238552615	-0.2120119431657001	-1.0889887809753418	0.0	0.0	0.0	1.0
-0.2588188828421015	0.48296302393665996	-0.8365162899754697	-0.4300491511821747	6.531730822878501e-09	0.8660253514308153	0.5000000906791249	4.380223274230957	0.965925869766602	0.12940945942662133	-0.2241437171248465	-1.0889887809753418	0.0	0.0	0.0	1.0
-0.25881889580113393	0.4082180101381194	-0.8754260878995761	-0.4300491511821747	1.833062343581382e-08	0.9063077410517708	0.4226183603555771	4.380223274230957	0.965925866294242	0.1093816013254102	-0.23456957627792985	-1.0889887809753418	0.0	0.0	0.0	1.0
-0.25881885811592714	0.33036620683663	-0.9076733818196637	-0.4300491511821747	3.2110324676981605e-09	0.9396925833422756	0.3420202462011872	4.380223274230957	0.9659258763919559	0.08852128665975084	-0.24321016246147015	-1.0889887809753418	0.0	0.0	0.0	1.0
-0.25881880839370386	0.25000014033670637	-0.9330127299524321	-0.4300491511821747	-5.391419727329705e-09	0.9659257915393386	0.2588191747902423	4.380223274230957	0.9659258897149733	0.06698727543891553	-0.24999976101510113	-1.0889887809753418	0.0	0.0	0.0	1.0
-0.25881889497633076	0.16773139622630018	-0.9512512593017718	-0.4300491511821747	8.16170243889136e-09	0.9848077297074551	0.1736483098346988	4.380223274230957	0.9659258665152469	0.044943455902094545	-0.25488684973600656	-1.0889887809753418	0.0	0.0	0.0	1.0
-0.258818881847484	0.08418611326383842	-0.962250219398648	-0.4300491511821747	4.598235792130367e-09	0.9961946867303495	0.08715587260891075	4.380223274230957	0.9659258700331086	0.022557581070426644	-0.2578339953090612	-1.0889887809753418	0.0	0.0	0.0	1.0
-0.25881883636355607	1.295407561062931e-07	-0.9659258822204725	-0.4300491511821747	4.981312115510654e-15	0.999999999999991	1.3411045008882667e-07	4.380223274230957	0.9659258822204811	3.471030582460459e-08	-0.25881883636355385	-1.0889887809753418	0.0	0.0	0.0	1.0
-0.2588188819757038	-0.08418585744440046	-0.962250241745461	-0.4300491511821747	-1.5579393539133513e-09	0.9961947098299035	-0.08715560857979657	4.380223274230957	0.9659258699987525	-0.02255751567140748	-0.25783400115944266	-1.0889887809753418	0.0	0.0	0.0	1.0
-0.25881889523252616	-0.16773114404435474	-0.9512513036985477	-0.4300491511821747	-5.130088090443685e-09	0.9848077755993092	-0.17364804956906654	4.380223274230957	0.9659258664466	-0.04494339146874575	-0.2548868613574902	-1.0889887809753418	0.0	0.0	0.0	1.0
-0.25881880763369297	-0.24999988554638752	-0.9330127984341192	-0.4300491511821747	-5.850794709827412e-10	0.9659258626476213	-0.258818909410515	4.380223274230957	0.9659258899186176	-0.06698720098079564	-0.24999978017927343	-1.0889887809753418	0.0	0.0	0.0	1.0
-0.25881885664346665	-0.33036598004427403	-0.9076734647851918	-0.4300491511821747	-1.185635900569082e-08	0.9396926696429686	-0.34202000909196895	4.380223274230957	0.9659258767864998	-0.088521216940669	-0.2432101862701775	-1.0889887809753418	0.0	0.0	0.0	1.0
-0.1736479594741719	-0.336823989405991	-0.9254166555293293	-0.4300491511821747	-2.2615247730062293e-09	0.9396926625324257	-0.3420200286280334	4.380223274230957	0.9848077914854534	-0.05939107797770313	-0.1631757141433431	-1.0889887809753418	0.0	0.0	0.0	1.0
-0.08715553764636191	-0.34071853943091723	-0.9361168672476935	-0.4300491511821747	5.49963999341152e-09	0.9396926645113315	-0.34202002319103153	4.380223274230957	0.9961947160357624	-0.0298089441553413	-0.08189941752399815	-1.0889887809753418	0.0	0.0	0.0	1.0
8.850211941080488e-08	-0.34202002039674206	-0.9396926655283654	-0.4300491511821747	-1.6492464782746907e-08	0.9396926655283684	-0.34202002039674473	4.380223274230957	0.9999999999999959	4.576734488614953e-08	7.752403941019281e-08	-1.0889887809753418	0.0	0.0	0.0	1.0
0.08715588483712111	-0.3407185080906021	-0.9361168463299725	-0.4300491511821747	1.744391298075243e-10	0.9396926723359182	-0.34202000169314817	4.380223274230957	0.9961946856605184	0.029809055716264576	0.0818997463918304	-1.0889887809753418	0.0	0.0	0.0	1.0
0.17364831057206626	-0.33682397590558255	-0.9254165945619427	-0.4300491511821747	-6.916973382953273e-10	0.9396926595183619	-0.342020036909109	4.380223274230957	0.9848077295774377	0.0593912022311707	0.1631760425493552	-1.0889887809753418	0.0	0.0	0.0	1.0
0.258819114596872	-0.3303659593963352	-0.9076733987461737	-0.4300491511821747	4.5098416390221274e-09	0.9396926678423164	-0.3420200140392227	4.380223274230957	0.9659258076681104	0.08852131311457806	0.24321042577401897	-1.0889887809753418	0.0	0.0	0.0	1.0
0.34202020615645656	-0.3213936812555766	-0.8830222422055313	-0.4300491511821747	6.132764351907127e-09	0.9396926663889457	-0.3420200180323278	4.380223274230957	0.9396925979173695	0.11697775166168438	0.3213938814530892	-1.0889887809753418	0.0	0.0	0.0	1.0
0.4226183397028425	-0.3099754026320398	-0.851650743385995	-0.4300491511821747	3.0576751408606384e-09	0.9396926631012585	-0.34202002706517776	4.380223274230957	0.9063077506823016	0.14454393337933538	0.3971313540586004	-1.0889887809753418	0.0	0.0	0.0	1.0
0.5000000933673912	-0.2961980103450639	-0.8137976685271504	-0.4300491511821747	-7.914007199572026e-09	0.9396926629084466	-0.3420200275949242	4.380223274230957	0.8660253498787436	0.17101005217138043	0.46984641684676254	-1.0889887809753418	0.0	0.0	0.0	1.0
0.5735764963940162	-0.28016639621041006	-0.7697511242075821	-0.4300491511821747	2.768558438059898e-10	0.939692660398709	-0.34202003449037355	4.380223274230957	0.819152002246448	0.19617465286643898	0.5389856239162294	-1.0889887809753418	0.0	0.0	0.0	1.0
0.5000000474023885	-0.29619802294086583	-0.8137976921837092	-0.4300491511821747	-4.1688415497453946e-09	0.9396926621689059	-0.3420200296267953	4.380223274230957	0.8660253764166549	0.1710100344185576	0.469846374393327	-1.0889887809753418	0.0	0.0	0.0	1.0
0.5000000634446689	-0.2241437614963255	-0.836516294364674	-0.4300491511821747	5.879238346162552e-09	0.9659258571996696	-0.2588189297425597	4.380223274230957	0.8660253671546392	0.12940947637388242	0.4829629912004754	-1.0889887809753418	0.0	0.0	0.0	1.0
0.5000000275551701	-0.15038364051159686	-0.8528685321380475	-0.4300491511821747	8.644413379554905e-10	0.9848077714042218	-0.17364807336060442	4.380223274230957	0.866025387875453	0.08682404072794961	0.4924039129686545	-1.0889887809753418	0.0	0.0	0.0	1.0
0.5000000223697284	-0.0754789946370496	-0.8627299108057231	-0.4300491511821747	-1.0907185571396028e-10	0.9961947073341677	-0.08715563710622419	4.380223274230957	0.8660253908692694	0.04357782059685959	0.4980973759434563	-1.0889887809753418	0.0	0.0	0.0	1.0
0.500000038157961	9.033348668035093e-08	-0.8660253817539237	-0.4300491511821747	0.0	0.9999999999999944	1.043081283569333e-07	4.380223274230957	0.8660253817539284	-5.215406815865214e-08	0.5000000381579582	-1.0889887809753418	0.0	0.0	0.0	1.0
0.5000000223347284	0.07547917352487081	-0.8627298951753517	-0.4300491511821747	-8.165707554574908e-10	0.9961946893091023	0.08715584313367067	4.380223274230957	0.8660253908894766	-0.04357792280895742	0.49809736696592305	-1.0889887809753418	0.0	0.0	0.0	1.0
0.5000000274852369	0.15038381685481683	-0.8528685010849794	-0.4300491511821747	-1.7874406815776567e-09	0.9848077355938489	0.17364827645132525	4.380223274230957	0.8660253879158292	-0.08682414147397477	0.4924038951334005	-1.0889887809753418	0.0	0.0	0.0	1.0
0.4226182184962639	0.15737879222846868	-0.8925389387313879	-0.4300491511821747	8.892633018842133e-09	0.9848077341785398	0.17364828447793493	4.380223274230957	0.9063078072018599	-0.07338693656801853	0.416197688780365	-1.0889887809753418	0.0	0.0	0.0	1.0
0.34202013050747504	0.16317600069569949	-0.9254165673493248	-0.4300491511821747	-2.5126341979264666e-09	0.9848077365234837	0.17364827117910797	4.380223274230957	0.9396926254513495	-0.0593912020458426	0.3368240709805346	-1.0889887809753418	0.0	0.0	0.0	1.0
0.25881914903865927	0.16773135071794093	-0.9512511982001595	-0.4300491511821747	-4.678169365779361e-09	0.9848077356948606	0.17364827587845916	4.380223274230957	0.9659257984394578	-0.044943494544778945	0.25488710090390837	-1.0889887809753418	0.0	0.0	0.0	1.0
0.17364829774959278	0.1710101706502759	-0.9698462714383306	-0.4300491511821747	1.5531912422872551e-09	0.9848077345829099	0.1736482821846399	4.380223274230957	0.9848077318383871	-0.030153730114860403	0.1710101864553436	-1.0889887809753418	0.0	0.0	0.0	1.0
0.08715590499344233	0.17298749731571073	-0.9810602295461887	-0.4300491511821747	1.6227147126013364e-09	0.9848077342510699	0.17364828406659685	4.380223274230957	0.9961946838970651	-0.01513447494036349	0.08583180904248416	-1.0889887809753418	0.0	0.0	0.0	1.0
1.6886419951234188e-07	0.1736482770751971	-0.9848077354838292	-0.4300491511821747	-4.1967512243168414e-09	0.9848077354838433	0.17364827707519886	4.380223274230957	0.999999999999986	-2.5189984251272612e-08	1.6702752858588354e-07	-1.0889887809753418	0.0	0.0	0.0	1.0
-0.08715556799636248	0.17298749219848897	-0.9810602603867454	-0.4300491511821747	2.0541346401614646e-11	0.9848077360879846	0.17364827364894367	4.380223274230957	0.9961947133804873	0.01513441390130918	-0.08583147760951348	-1.0889887809753418	0.0	0.0	0.0	1.0
-0.17364796592779702	0.17101018568923398	-0.9698463281982733	-0.4300491511821747	-4.228998332078682e-09	0.9848077336274179	0.1736482876035033	4.380223274230957	0.9848077903475069	0.030153676030671928	-0.1710098590511629	-1.0889887809753418	0.0	0.0	0.0	1.0
-0.2588188957055147	0.1677313698959561	-0.9512512637461272	-0.4300491511821747	-4.669117592559502e-10	0.984807734106314	0.17364828488755069	4.380223274230957	0.9659258663198631	0.044943457779902884	-0.2548868501453306	-1.0889887809753418	0.0	0.0	0.0	1.0
-0.3420199461833442	0.16317601354517258	-0.9254166332070375	-0.4300491511821747	3.73081684990062e-09	0.9848077363753651	0.17364827201913047	4.380223274230957	0.9396926925398232	0.059391169198253754	-0.33682388960482323	-1.0889887809753418	0.0	0.0	0.0	1.0
-0.4226180098069245	0.1573788081124637	-0.8925390347452232	-0.4300491511821747	-3.4860381248336125e-10	0.9848077350677196	0.17364827943515143	4.380223274230957	0.9063079045152561	0.0733868905724229	-0.4161974849819216	-1.0889887809753418	0.0	0.0	0.0	1.0
-0.499999744482881	0.15038384941824923	-0.85286866125518	-0.4300491511821747	1.0777777281756329e-10	0.9848077345721868	0.17364828224545406	4.380223274230957	0.8660255513072658	0.08682409666069793	-0.49240361566706636	-1.0889887809753418	0.0	0.0	0.0	1.0
-0.5735761607871146	0.1422443765910734	-0.8067074594330531	-0.4300491511821747	1.0168563768786498e-09	0.9848077351916296	0.17364827873242306	4.380223274230957	0.8191522372408649	0.09960051222232835	-0.5648622400093104	-1.0889887809753418	0.0	0.0	0.0	1.0
-0.642787368487856	0.13302233119085538	-0.7544066929163656	-0.4300491511821747	3.4863549686070527e-09	0.9848077363749428	0.17364827202152391	4.380223274230957	0.7660446455086395	0.11161891318504923	-0.6330219737946949	-1.0889887809753418	0.0	0.0	0.0	1.0
-0.7071065347373049	0.12278791918469509	-0.6963644702554069	-0.4300491511821747	2.1313931800048813e-09	0.9848077353233113	0.17364827798561908	4.380223274230957	0.7071070276357044	0.12278783062528484	-0.696363985368669	-1.0889887809753418	0.0	0.0	0.0	1.0
-0.7660441629971828	0.1116190223178701	-0.6330225384571617	-0.4300491511821747	4.833948089033591e-09	0.9848077355514049	0.17364827669203828	4.380223274230957	0.6427879435225476	0.13302224571445756	-0.7544062180331874	-1.0889887809753418	0.0	0.0	0.0	1.0
-0.8191517799389451	0.09960062349048403	-0.5648628835595106	-0.4300491511821747	2.187334355308046e-09	0.9848077366443165	0.1736482704938314	4.380223274230957	0.5735768138818536	0.14224428862279737	-0.8067070105876956	-1.0889887809753418	0.0	0.0	0.0	1.0
-0.8660251633861721	0.08682421318854988	-0.4924042773840859	-0.4300491511821747	4.693551797219087e-10	0.9848077347973413	0.17364828096854246	4.380223274230957	0.5000004163817812	0.15038378066639735	-0.8528682794725847	-1.0889887809753418	0.0	0.0	0.0	1.0
-0.9063075844981991	0.07338701156219621	-0.41619816051372677	-0.4300491511821747	1.9073436163807855e-09	0.984807734889382	0.17364828044655362	4.380223274230957	0.4226186960855373	0.15737875280994895	-0.8925387195427128	-1.0889887809753418	0.0	0.0	0.0	1.0
-0.9396924520067633	0.05939129042930688	-0.33682453928218814	-0.4300491511821747	-4.4773052973456906e-10	0.9848077346040383	0.1736482820648163	4.380223274230957	0.3420206070422023	0.16317598011105594	-0.9254163948587033	-1.0889887809753418	0.0	0.0	0.0	1.0
-0.9396924520067633	0.05939129042930688	-0.33682453928218814	-0.36164501309394836	-4.4773052973456906e-10	0.9848077346040383	0.1736482820648163	4.380223274230957	0.3420206070422023	0.16317598011105594	-0.9254163948587033	-0.9010502099990845	0.0	0.0	0.0	1.0
-0.9396924520067633	0.05939129042930688	-0.33682453928218814	-0.29324087500572205	-4.4773052973456906e-10	0.9848077346040383	0.1736482820648163	4.380223274230957	0.3420206070422023	0.16317598011105594	-0.9254163948587033	-0.7131116390228271	0.0	0.0	0.0	1.0
-0.9396924520067633	0.05939129042930688	-0.33682453928218814	-0.22483673691749573	-4.4773052973456906e-10	0.9848077346040383	0.1736482820648163	4.380223274230957	0.3420206070422023	0.16317598011105594	-0.9254163948587033	-0.5251730680465698	0.0	0.0	0.0	1.0
-0.9396924520067633	0.05939129042930688	-0.33682453928218814	-0.1564325988292694	-4.4773052973456906e-10	0.9848077346040383	0.1736482820648163	4.380223274230957	0.3420206070422023	0.16317598011105594	-0.9254163948587033	-0.3372344970703125	0.0	0.0	0.0	1.0
-0.9396924520067633	0.05939129042930688	-0.33682453928218814	-0.08802846819162369	-4.4773052973456906e-10	0.9848077346040383	0.1736482820648163	4.380223274230957	0.3420206070422023	0.16317598011105594	-0.9254163948587033	-0.14929594099521637	0.0	0.0	0.0	1.0
-0.9396924520067633	0.05939129042930688	-0.33682453928218814	-0.019624337553977966	-4.4773052973456906e-10	0.9848077346040383	0.1736482820648163	4.380223274230957	0.3420206070422023	0.16317598011105594	-0.9254163948587033	0.03864261507987976	0.0	0.0	0.0	1.0
-0.9396924520067633	0.05939129042930688	-0.33682453928218814	0.048779793083667755	-4.4773052973456906e-10	0.9848077346040383	0.1736482820648163	4.380223274230957	0.3420206070422023	0.16317598011105594	-0.9254163948587033	0.2265811711549759	0.0	0.0	0.0	1.0
-0.9659257024664499	0.04494356142893953	-0.25488745281158576	0.048779793083667755	-1.8420451414202788e-09	0.9848077343393308	0.17364828356604525	4.380223274230957	0.2588195072143814	0.16773134075513976	-0.9512511025033231	0.2265811711549759	0.0	0.0	0.0	1.0
-0.9848076740767561	0.030153785205741475	-0.17101050937675163	0.048779793083667755	1.32426056578816e-09	0.9848077361782764	0.17364827313687503	4.380223274230957	0.1736486253315299	0.17101015174890866	-0.9698462161184552	0.2265811711549759	0.0	0.0	0.0	1.0
-0.9961946578171795	0.015134524209722142	-0.08583210304692615	0.048779793083667755	-2.0634122622348317e-10	0.984807735666508	0.1736482760392553	4.380223274230957	0.08715620308683034	0.17298748494717975	-0.9810602052448852	0.2265811711549759	0.0	0.0	0.0	1.0
-0.999999999999891	8.113313173670699e-08	-4.6012858713361044e-07	0.048779793083667755	-1.8009763946426785e-15	0.9848077350562447	0.17364827950022912	4.380223274230957	4.672268204662254e-07	0.1736482795002102	-0.9848077350561373	0.2265811711549759	0.0	0.0	0.0	1.0
-0.999999999999891	8.113313173670699e-08	-4.6012858713361044e-07	0.04877988621592522	-1.8009763946426785e-15	0.9848077350562447	0.17364827950022912	4.380223274230957	4.672268204662254e-07	0.1736482795002102	-0.9848077350561373	0.42658117413520813	0.0	0.0	0.0	1.0
-0.999999999999891	8.113313173670699e-08	-4.6012858713361044e-07	0.04877997934818268	-1.8009763946426785e-15	0.9848077350562447	0.17364827950022912	4.380223274230957	4.672268204662254e-07	0.1736482795002102	-0.9848077350561373	0.6265811920166016	0.0	0.0	0.0	1.0
-0.999999999999891	8.113313173670699e-08	-4.6012858713361044e-07	0.04878007248044014	-1.8009763946426785e-15	0.9848077350562447	0.17364827950022912	4.380223274230957	4.672268204662254e-07	0.1736482795002102	-0.9848077350561373	0.8265811800956726	0.0	0.0	0.0	1.0
-0.999999999999891	8.113313173670699e-08	-4.6012858713361044e-07	0.0487801656126976	-1.8009763946426785e-15	0.9848077350562447	0.17364827950022912	4.380223274230957	4.672268204662254e-07	0.1736482795002102	-0.9848077350561373	1.0265811681747437	0.0	0.0	0.0	1.0
-0.999999999999891	8.113313173670699e-08	-4.6012858713361044e-07	0.04878025874495506	-1.8009763946426785e-15	0.9848077350562447	0.17364827950022912	4.380223274230957	4.672268204662254e-07	0.1736482795002102	-0.9848077350561373	1.2265812158584595	0.0	0.0	0.0	1.0
-0.999999999999891	8.113313173670699e-08	-4.6012858713361044e-07	0.048780351877212524	-1.8009763946426785e-15	0.9848077350562447	0.17364827950022912	4.380223274230957	4.672268204662254e-07	0.1736482795002102	-0.9848077350561373	1.4265812635421753	0.0	0.0	0.0	1.0
-0.999999999999891	8.113313173670699e-08	-4.6012858713361044e-07	0.048780445009469986	-1.8009763946426785e-15	0.9848077350562447	0.17364827950022912	4.380223274230957	4.672268204662254e-07	0.1736482795002102	-0.9848077350561373	1.6265813112258911	0.0	0.0	0.0	1.0
-0.999999999999891	8.113313173670699e-08	-4.6012858713361044e-07	0.04878053814172745	-1.8009763946426785e-15	0.9848077350562447	0.17364827950022912	4.380223274230957	4.672268204662254e-07	0.1736482795002102	-0.9848077350561373	1.826581358909607	0.0	0.0	0.0	1.0
-0.999999999999891	8.113313173670699e-08	-4.6012858713361044e-07	0.04878063127398491	-1.8009763946426785e-15	0.9848077350562447	0.17364827950022912	4.380223274230957	4.672268204662254e-07	0.1736482795002102	-0.9848077350561373	2.026581287384033	0.0	0.0	0.0	1.0
-0.999999999999891	8.113313173670699e-08	-4.6012858713361044e-07	0.0001475997269153595	-1.8009763946426785e-15	0.9848077350562447	0.17364827950022912	4.380223274230957	4.672268204662254e-07	0.1736482795002102	-0.9848077350561373	2.2308101654052734	0.0	0.0	0.0	1.0
-0.999999999999891	8.113313173670699e-08	-4.6012858713361044e-07	0.00014769317931495607	-1.8009763946426785e-15	0.9848077350562447	0.17364827950022912	4.380223274230957	4.672268204662254e-07	0.1736482795002102	-0.9848077350561373	2.4308102130889893	0.0	0.0	0.0	1.0
