1.0	0.0	0.0	-10.75381088256836	0.0	1.0	0.0	-0.09288668632507324	0.0	0.0	1.0	6.318648815155029	0.0	0.0	0.0	1.0
1.0	0.0	0.0	-10.75381088256836	0.0	1.0	0.0	-0.09288668632507324	0.0	0.0	1.0	6.118649005889893	0.0	0.0	0.0	1.0
0.9961946982682389	-0.0	-0.08715574073032861	-10.75381088256836	0.0	0.9999999999999999	-0.0	-0.09288668632507324	0.08715574073032861	0.0	0.9961946982682389	6.118649005889893	0.0	0.0	0.0	1.0
0.9848077531002408	-0.0	-0.17364817716767306	-10.75381088256836	0.0	1.0000000000000002	-0.0	-0.09288668632507324	0.17364817716767306	0.0	0.9848077531002408	6.118649005889893	0.0	0.0	0.0	1.0
0.9659258316218277	-0.0	-0.25881902520039096	-10.75381088256836	0.0	0.9999999999999999	-0.0	-0.09288668632507324	0.25881902520039096	0.0	0.9659258316218277	6.118649005889893	0.0	0.0	0.0	1.0
0.93969262448596	-0.0	-0.3420201331598604	-10.75381088256836	0.0	1.0	-0.0	-0.09288668632507324	0.3420201331598604	0.0	0.93969262448596	6.118649005889893	0.0	0.0	0.0	1.0
0.9063077933127555	-0.0	-0.4226182482815481	-10.75381088256836	0.0	1.0000000000000002	-0.0	-0.09288668632507324	0.4226182482815481	0.0	0.9063077933127555	6.118649005889893	0.0	0.0	0.0	1.0
0.8660253883290534	-0.0	-0.5000000267695114	-10.75381088256836	0.0	1.0	-0.0	-0.09288668632507324	0.5000000267695114	0.0	0.8660253883290534	6.118649005889893	0.0	0.0	0.0	1.0
0.8191520362026039	-0.0	-0.5735764478996047	-10.75381088256836	0.0	1.0	-0.0	-0.09288668632507324	0.5735764478996047	0.0	0.8191520362026039	6.118649005889893	0.0	0.0	0.0	1.0
0.7660444185289921	-0.0	-0.6427876389917426	-10.75381088256836	0.0	1.0000000000000002	-0.0	-0.09288668632507324	0.6427876389917426	0.0	0.7660444185289921	6.118649005889893	0.0	0.0	0.0	1.0
0.7071068129364553	-0.0	-0.7071067494366384	-10.75381088256836	0.0	1.0	-0.0	-0.09288668632507324	0.7071067494366384	0.0	0.7071068129364553	6.118649005889893	0.0	0.0	0.0	1.0
0.6427876174094395	-0.0	-0.7660444366386953	-10.75381088256836	0.0	0.9999999999999999	-0.0	-0.09288668632507324	0.7660444366386953	0.0	0.6427876174094395	6.118649005889893	0.0	0.0	0.0	1.0
0.5735764419101737	-0.0	-0.8191520403964487	-10.75381088256836	0.0	1.0	-0.0	-0.09288668632507324	0.8191520403964487	0.0	0.5735764419101737	6.118649005889893	0.0	0.0	0.0	1.0
0.4999999487509984	-0.0	-0.8660254333730614	-10.75381088256836	0.0	0.9999999999999999	-0.0	-0.09288668632507324	0.8660254333730614	0.0	0.4999999487509984	6.118649005889893	0.0	0.0	0.0	1.0
0.42261816429975646	-0.0	-0.9063078324741014	-10.75381088256836	0.0	1.0	-0.0	-0.09288668632507324	0.9063078324741014	0.0	0.42261816429975646	6.118649005889893	0.0	0.0	0.0	1.0
0.3420200439022877	-0.0	-0.9396926569730536	-10.75381088256836	0.0	0.9999999999999999	-0.0	-0.09288668632507324	0.9396926569730536	0.0	0.3420200439022877	6.118649005889893	0.0	0.0	0.0	1.0
0.2588189978133274	-0.0	-0.965925838960168	-10.75381088256836	0.0	0.9999999999999999	-0.0	-0.09288668632507324	0.965925838960168	0.0	0.2588189978133274	6.118649005889893	0.0	0.0	0.0	1.0
0.17364820781723544	-0.0	-0.9848077476958955	-10.75381088256836	0.0	1.0000000000000002	-0.0	-0.09288668632507324	0.9848077476958955	0.0	0.17364820781723544	6.118649005889893	0.0	0.0	0.0	1.0
0.08715579847029697	-0.0	-0.9961946932166444	-10.75381088256836	0.0	0.9999999999999997	-0.0	-0.09288668632507324	0.9961946932166444	0.0	0.08715579847029697	6.118649005889893	0.0	0.0	0.0	1.0
8.429369502405137e-08	-0.0	-0.9999999999999963	-10.75381088256836	0.0	0.9999999999999999	-0.0	-0.09288668632507324	0.9999999999999963	0.0	8.429369502405137e-08	6.118649005889893	0.0	0.0	0.0	1.0
-0.08715563068428267	-0.0	-0.9961947078960142	-10.75381088256836	0.0	1.0	-0.0	-0.09288668632507324	0.9961947078960142	0.0	-0.08715563068428267	6.118649005889893	0.0	0.0	0.0	1.0
-0.17364804242284976	-0.0	-0.984807776859379	-10.75381088256836	0.0	1.0000000000000002	-0.0	-0.09288668632507324	0.984807776859379	0.0	-0.17364804242284976	6.118649005889893	0.0	0.0	0.0	1.0
-0.25881885761880646	-0.0	-0.9659258765251586	-10.75381088256836	0.0	1.0	-0.0	-0.09288668632507324	0.9659258765251586	0.0	-0.25881885761880646	6.118649005889893	0.0	0.0	0.0	1.0
-0.34201997965019604	-0.0	-0.9396926803588924	-10.75381088256836	0.0	1.0	-0.0	-0.09288668632507324	0.9396926803588924	0.0	-0.34201997965019604	6.118649005889893	0.0	0.0	0.0	1.0
-0.4226181062497342	-0.0	-0.9063078595432614	-10.75381088256836	0.0	0.9999999999999998	-0.0	-0.09288668632507324	0.9063078595432614	0.0	-0.4226181062497342	6.118649005889893	0.0	0.0	0.0	1.0
-0.4999998077248887	-0.0	-0.8660255147944976	-10.75381088256836	0.0	1.0	-0.0	-0.09288668632507324	0.8660255147944976	0.0	-0.4999998077248887	6.118649005889893	0.0	0.0	0.0	1.0
-0.573576223586004	-0.0	-0.8191521932686368	-10.75381088256836	0.0	0.9999999999999998	-0.0	-0.09288668632507324	0.8191521932686368	0.0	-0.573576223586004	6.118649005889893	0.0	0.0	0.0	1.0
-0.6427874132887333	-0.0	-0.7660446079162619	-10.75381088256836	0.0	1.0000000000000002	-0.0	-0.09288668632507324	0.7660446079162619	0.0	-0.6427874132887333	6.118649005889893	0.0	0.0	0.0	1.0
-0.7071065793047675	-0.0	-0.7071069830682702	-10.75381088256836	0.0	1.0000000000000002	-0.0	-0.09288668632507324	0.7071069830682702	0.0	-0.7071065793047675	6.118649005889893	0.0	0.0	0.0	1.0
-0.7660442221032479	-0.0	-0.6427878730827375	-10.75381088256836	0.0	0.9999999999999999	-0.0	-0.09288668632507324	0.6427878730827375	0.0	-0.7660442221032479	6.118649005889893	0.0	0.0	0.0	1.0
-0.8191518526140972	-0.0	-0.5735767100910675	-10.75381088256836	0.0	1.0	-0.0	-0.09288668632507324	0.5735767100910675	0.0	-0.8191518526140972	6.118649005889893	0.0	0.0	0.0	1.0
-0.866025228968024	-0.0	-0.5000003027907893	-10.75381088256836	0.0	0.9999999999999997	-0.0	-0.09288668632507324	0.5000003027907893	0.0	-0.866025228968024	6.118649005889893	0.0	0.0	0.0	1.0
-0.9063076348510253	-0.0	-0.42261858810367126	-10.75381088256836	0.0	1.0	-0.0	-0.09288668632507324	0.42261858810367126	0.0	-0.9063076348510253	6.118649005889893	0.0	0.0	0.0	1.0
-0.9396924939900831	-0.0	-0.342020491694134	-10.75381088256836	0.0	0.9999999999999999	-0.0	-0.09288668632507324	0.342020491694134	0.0	-0.9396924939900831	6.118649005889893	0.0	0.0	0.0	1.0
-0.9659257358255285	-0.0	-0.2588193827168121	-10.75381088256836	0.0	1.0000000000000002	-0.0	-0.09288668632507324	0.2588193827168121	0.0	-0.9659257358255285	6.118649005889893	0.0	0.0	0.0	1.0
-0.9848076938127857	-0.0	-0.1736485134032039	-10.75381088256836	0.0	1.0	-0.0	-0.09288668632507324	0.1736485134032039	0.0	-0.9848076938127857	6.118649005889893	0.0	0.0	0.0	1.0
-0.9848076951536398	0.015134464285669466	-0.17298772082712155	-10.75381088256836	3.7458720326954964e-10	0.9961946983848435	0.08715573939753601	-0.09288668632507324	0.17364850579885893	0.08583164277069971	-0.981060204846322	6.118649005889893	0.0	0.0	0.0	1.0
-0.9848076947773147	0.030153746979480103	-0.17101039690758443	-10.75381088256836	1.3217691940958787e-09	0.9848077542912342	0.17364817041321298	-0.09288668632507324	0.17364850793310052	0.17101005418089824	-0.9698462543422305	6.118649005889893	0.0	0.0	0.0	1.0
-0.9848076945057718	0.04494353995837573	-0.16773158038436334	-10.75381088256836	5.178108532233328e-10	0.9659258292818138	0.25881903393344147	-0.09288668632507324	0.1736485094730912	0.25488697601535043	-0.9512511890218711	6.118649005889893	0.0	0.0	0.0	1.0
-0.9848076927675795	0.059391288525412284	-0.16317623329727662	-10.75381088256836	-1.8601427446973684e-09	0.9396926233493532	0.34202013628266126	-0.09288668632507324	0.17364851933084838	0.336824061596112	-0.9254165242009147	6.118649005889893	0.0	0.0	0.0	1.0
-0.9848076927675795	0.059391288525412284	-0.16317623329727662	-10.719080924987793	-1.8601427446973684e-09	0.9396926233493532	0.34202013628266126	-0.09288668632507324	0.17364851933084838	0.336824061596112	-0.9254165242009147	6.315610408782959	0.0	0.0	0.0	1.0
-0.9848076927675795	0.059391288525412284	-0.16317623329727662	-10.684350967407227	-1.8601427446973684e-09	0.9396926233493532	0.34202013628266126	-0.09288668632507324	0.17364851933084838	0.336824061596112	-0.9254165242009147	6.512571811676025	0.0	0.0	0.0	1.0
-0.9848076927675795	0.059391288525412284	-0.16317623329727662	-10.64962100982666	-1.8601427446973684e-09	0.9396926233493532	0.34202013628266126	-0.09288668632507324	0.17364851933084838	0.336824061596112	-0.9254165242009147	6.709533214569092	0.0	0.0	0.0	1.0
-0.9848076927675795	0.059391288525412284	-0.16317623329727662	-10.614891052246094	-1.8601427446973684e-09	0.9396926233493532	0.34202013628266126	-0.09288668632507324	0.17364851933084838	0.336824061596112	-0.9254165242009147	6.906494617462158	0.0	0.0	0.0	1.0
-0.9848076945440282	0.07338702942764329	-0.15737899694261084	-10.614891052246094	5.695429960983489e-10	0.9063077929884279	0.4226182489770702	-0.09288668632507324	0.17364850925612949	0.4161977033577085	-0.8925388882020172	6.906494617462158	0.0	0.0	0.0	1.0
-0.984807694066834	0.08682426132717164	-0.15038401960233644	-10.614891052246094	-1.68091296437467e-09	0.8660253812436249	0.5000000390418327	-0.09288668632507324	0.17364851196242626	0.4924038857348967	-0.8528684585599411	6.906494617462158	0.0	0.0	0.0	1.0
-0.9848076953875158	0.09960069431546222	-0.14224452466583104	-10.614891052246094	4.2592254723139433e-10	0.819152029777247	0.5735764570759655	-0.09288668632507324	0.1736485044724842	0.5648625087609326	-0.8067072226593581	6.906494617462158	0.0	0.0	0.0	1.0
-0.9848076930472136	0.11161911799302673	-0.1330224801057475	-10.614891052246094	2.548021446613369e-10	0.7660444327109495	0.6427876220903447	-0.09288668632507324	0.17364851774497017	0.633022195196202	-0.7544064505781725	6.906494617462158	0.0	0.0	0.0	1.0
-0.984807695398596	0.12278802641154028	-0.12278804361038098	-10.614891052246094	2.4933650283331943e-09	0.7071068407074175	0.7071067216656726	-0.09288668632507324	0.17364850440964336	0.6963641406582721	-0.6963642585038095	6.906494617462158	0.0	0.0	0.0	1.0
-0.9848076932776711	0.1330224791888866	-0.11161911705238636	-10.614891052246094	-1.690271797527565e-09	0.6427876152751287	0.7660444384295947	-0.09288668632507324	0.17364851643798196	0.7544064565467049	-0.6330221884417105	6.906494617462158	0.0	0.0	0.0	1.0
-0.9848076930011834	0.14224453892705272	-0.09960069754332748	-10.614891052246094	-1.62387198132663e-09	0.5735764253967605	0.8191520519592653	-0.09288668632507324	0.17364851800602046	0.8067072426689282	-0.564862476023862	6.906494617462158	0.0	0.0	0.0	1.0
-0.9848076942874947	0.15038402690958402	-0.08682424616779534	-10.614891052246094	-1.8483264779822761e-09	0.49999993801222786	0.8660254395730926	-0.09288668632507324	0.1736485107110004	0.852868516500771	-0.4924037858197535	6.906494617462158	0.0	0.0	0.0	1.0
-0.9848076937280565	0.15737901028894097	-0.07338701175616871	-10.614891052246094	-2.4052376895733474e-09	0.42261812651353786	0.9063078500940988	-0.09288668632507324	0.17364851388372615	0.8925389438353156	-0.4161975821209352	6.906494617462158	0.0	0.0	0.0	1.0
-0.9848076953231056	0.16317622690569916	-0.059391263711201576	-10.614891052246094	4.912884973840015e-09	0.34202003819815197	0.9396926590491889	-0.09288668632507324	0.1736485048377719	0.9254165615784898	-0.33682396637390843	6.906494617462158	0.0	0.0	0.0	1.0
-0.9848076953231056	0.16317622690569916	-0.059391263711201576	-10.580161094665527	4.912884973840015e-09	0.34202003819815197	0.9396926590491889	-0.08305621147155762	0.1736485048377719	0.9254165615784898	-0.33682396637390843	7.103456020355225	0.0	0.0	0.0	1.0
-0.9848076953231056	0.16317622690569916	-0.059391263711201576	-10.545431137084961	4.912884973840015e-09	0.34202003819815197	0.9396926590491889	-0.0643625259399414	0.1736485048377719	0.9254165615784898	-0.33682396637390843	7.300417423248291	0.0	0.0	0.0	1.0
-0.9848076953231056	0.16317622690569916	-0.059391263711201576	-10.510701179504395	4.912884973840015e-09	0.34202003819815197	0.9396926590491889	-0.06985342502593994	0.1736485048377719	0.9254165615784898	-0.33682396637390843	7.497378826141357	0.0	0.0	0.0	1.0
-0.9848076953231056	0.16317622690569916	-0.059391263711201576	-10.475971221923828	4.912884973840015e-09	0.34202003819815197	0.9396926590491889	-0.09288668632507324	0.1736485048377719	0.9254165615784898	-0.33682396637390843	7.694340229034424	0.0	0.0	0.0	1.0
-0.9848076937280565	0.15737901028894097	-0.07338701175616871	-10.475971221923828	-2.4052376895733474e-09	0.42261812651353786	0.9063078500940988	-0.09288668632507324	0.17364851388372615	0.8925389438353156	-0.4161975821209352	7.694340229034424	0.0	0.0	0.0	1.0
-0.9848076942874947	0.15038402690958402	-0.08682424616779534	-10.475971221923828	-1.8483264779822761e-09	0.49999993801222786	0.8660254395730926	-0.09288668632507324	0.1736485107110004	0.852868516500771	-0.4924037858197535	7.694340229034424	0.0	0.0	0.0	1.0
-0.9848076932391288	0.14224454688384164	-0.09960068382715616	-10.475971221923828	-4.256134736313477e-09	0.5735763386374639	0.8191521127087701	-0.09288668632507324	0.17364851665656844	0.8067073029525965	-0.5648623903446943	7.694340229034424	0.0	0.0	0.0	1.0
-0.9848076933319949	0.13302249667978727	-0.11161909572824638	-10.475971221923828	-2.3611518157329314e-09	0.6427874907003592	0.7660445429602221	-0.09288668632507324	0.17364851612989798	0.7544065596057683	-0.6330220657051955	7.694340229034424	0.0	0.0	0.0	1.0
-0.9848076945851119	0.12278805096676282	-0.12278802557961717	-10.475971221923828	2.162538557948235e-09	0.7071067167595104	0.7071068456135785	-0.09288668632507324	0.1736485090231329	0.6963642621885251	-0.6963641358231152	7.694340229034424	0.0	0.0	0.0	1.0
-0.9848076930030533	0.11161913364735834	-0.1330224672971344	-10.475971221923828	9.535090633727705e-10	0.7660443603914838	0.642787708277315	-0.09288668632507324	0.1736485179954152	0.6330222799524641	-0.7544063794015666	7.694340229034424	0.0	0.0	0.0	1.0
-0.9848076954261682	0.09960071796216632	-0.14224450784061965	-10.475971221923828	-2.8005036484257673e-10	0.8191519316225162	0.5735765972554145	-0.09288668632507324	0.17364850425327338	0.564862646933324	-0.8067071259571714	7.694340229034424	0.0	0.0	0.0	1.0
-0.984807693933312	0.0868242902646732	-0.15038400376964123	-10.475971221923828	1.1887369005814108e-09	0.8660252944276993	0.5000001894113806	-0.09288668632507324	0.17364851271966508	0.49240403332167404	-0.8528683731964716	7.694340229034424	0.0	0.0	0.0	1.0
-0.9848076945299928	0.07338706196771187	-0.15737898185675028	-10.475971221923828	9.341232648507614e-10	0.9063077065709693	0.4226184342998656	-0.09288668632507324	0.17364850933572715	0.41619788580171463	-0.892538803111474	7.694340229034424	0.0	0.0	0.0	1.0
-0.984807693518113	0.059391325184918436	-0.16317621542465463	-10.475971221923828	-7.188404836655504e-10	0.9396925456727682	0.34202034969725403	-0.09288668632507324	0.17364851507437093	0.33682427183890895	-0.9254164484774702	7.694340229034424	0.0	0.0	0.0	1.0
-0.9848076945309389	0.04494358363269889	-0.16773156853409507	-10.475971221923828	-5.830404249673737e-10	0.9659257602170325	0.2588192916865897	-0.09288668632507324	0.17364850933036322	0.2548872300437952	-0.9512511209811761	7.694340229034424	0.0	0.0	0.0	1.0
-0.984807694788505	0.030153789563364973	-0.17101038933444784	-10.475971221923828	5.851782097082703e-10	0.9848077103138865	0.17364841982097287	-0.09288668632507324	0.17364850786963626	0.17101029992748726	-0.9698462110218095	7.694340229034424	0.0	0.0	0.0	1.0
-0.9848076951557262	0.015134507957156675	-0.17298771699447552	-10.475971221923828	9.93343332936214e-11	0.9961946762454003	0.08715599245216585	-0.09288668632507324	0.17364850578702368	0.08583189202864372	-0.9810601830411408	7.694340229034424	0.0	0.0	0.0	1.0
-0.9848076938127855	4.398859680460242e-08	-0.17364851340319834	-10.475971221923828	1.769794775896198e-16	0.9999999999999679	2.53319742094032e-07	-0.09288668632507324	0.1736485134032039	2.494712309781411e-07	-0.984807693812754	7.694340229034424	0.0	0.0	0.0	1.0
-0.9848076951515529	-0.015134420614180792	-0.17298772465975648	-10.475971221923828	-6.498400801843718e-10	0.9961947205242222	-0.08715548634289769	-0.09288668632507324	0.17364850581069408	-0.08583139351274732	-0.9810602266514393	7.694340229034424	0.0	0.0	0.0	1.0
-0.9848076947801655	-0.030153703471557606	-0.17101040456278133	-10.475971221923828	-1.134112130596332e-09	0.9848077982825615	-0.1736479209258035	-0.09288668632507324	0.17364850791693193	-0.171009808516364	-0.9698462976623771	7.694340229034424	0.0	0.0	0.0	1.0
-0.9848076944974206	-0.044943500523841134	-0.16773159099984336	-10.475971221923828	-8.831178531509831e-10	0.9659258906865612	-0.2588188047676866	-0.09288668632507324	0.17364850952045413	-0.2548867502677167	-0.9512512495020901	7.694340229034424	0.0	0.0	0.0	1.0
-0.9848076927564696	-0.059391250428389566	-0.16317624723050766	-10.475971221923828	1.4972801193335883e-09	0.9396927039503377	-0.34201991483319144	-0.09288668632507324	0.17364851939385906	-0.33682384344795996	-0.9254166035884946	7.694340229034424	0.0	0.0	0.0	1.0
-0.9848076944604401	-0.07338699482326566	-0.1573790136019504	-10.475971221923828	-2.7408412692220274e-09	0.9063078916555082	-0.422618037384762	-0.09288668632507324	0.17364850973018137	-0.41619749460293254	-0.8925389854537052	7.694340229034424	0.0	0.0	0.0	1.0
-0.9848076932196912	-0.08682422516875479	-0.15038404602601918	-10.475971221923828	6.856289702650287e-10	0.8660255122729781	-0.4999998120922905	-0.09288668632507324	0.17364851676680249	-0.4924036616599954	-0.8528685869514239	7.694340229034424	0.0	0.0	0.0	1.0
-0.9848076945336404	-0.09960066014707597	-0.14224455450245804	-10.475971221923828	-1.2074614016976959e-09	0.8191521812976839	-0.5735762406823061	-0.09288668632507324	0.1736485093150416	-0.5648622950538594	-0.8067073712562385	7.694340229034424	0.0	0.0	0.0	1.0
-0.9659257410893096	-0.14845263452312132	-0.21201244775770248	-10.475971221923828	3.740212195513237e-09	0.8191521807679121	-0.5735762414388988	-0.09288668632507324	0.25881936307213943	-0.5540320568760607	-0.7912401767179251	7.694340229034424	0.0	0.0	0.0	1.0
-0.9396925042636413	-0.196174803512699	-0.28016681441148694	-10.475971221923828	-5.865090677015239e-09	0.8191522072452357	-0.5735762036253407	-0.09288668632507324	0.3420204634677969	-0.5389852575275249	-0.7697511901499476	7.694340229034424	0.0	0.0	0.0	1.0
-0.9063076459835084	-0.2424039670857844	-0.3461889189054238	-10.475971221923828	1.0238165315534786e-09	0.8191521804158048	-0.5735762419417608	-0.09288668632507324	0.42261856423000654	-0.5198365339807384	-0.7424038840867289	7.694340229034424	0.0	0.0	0.0	1.0
-0.8660252583916748	-0.28678825367938693	-0.4095763047090984	-10.475971221923828	-3.740573184529694e-09	0.8191522005641028	-0.573576213166993	-0.09288668632507324	0.5000002518275691	-0.4967314866832134	-0.7094064972283887	7.694340229034424	0.0	0.0	0.0	1.0
-0.8191518961634119	-0.32898993316245845	-0.469846565263223	-10.475971221923828	-2.115592695473012e-08	0.8191522038537509	-0.5735762084688858	-0.09288668632507324	0.5735766478962393	-0.4698460288214686	-0.6710100879933247	7.694340229034424	0.0	0.0	0.0	1.0
-0.7660442995164742	-0.36868779816465597	-0.5265410132770401	-10.475971221923828	-1.3307582757970948e-08	0.8191521911759789	-0.5735762265746306	-0.09288668632507324	0.6427877808253	-0.43938479169867733	-0.6275068713931313	7.694340229034424	0.0	0.0	0.0	1.0
-0.7071065726793119	-0.4055797808955515	-0.5792282246251764	-10.475971221923828	1.2738213928109587e-08	0.8191521621214716	-0.5735762680687884	-0.09288668632507324	0.7071069896937218	-0.4055795564626441	-0.5792278726941996	7.694340229034424	0.0	0.0	0.0	1.0
-0.6427873911747748	-0.43938498094067335	-0.627507138023538	-10.475971221923828	-1.059710857953533e-08	0.8191522011197636	-0.5735762123734269	-0.09288668632507324	0.7660446264720662	-0.36868755054166236	-0.5265407109890574	7.694340229034424	0.0	0.0	0.0	1.0
-0.5735761808297387	-0.4698462516861004	-0.6710103311881959	-10.475971221923828	-1.1832505336650812e-08	0.819152186945238	-0.5735762326167583	-0.09288668632507324	0.8191522232068777	-0.32898965697929666	-0.4698461884658359	7.694340229034424	0.0	0.0	0.0	1.0
-0.49999968914958726	-0.49673168977054594	-0.7094067516087048	-10.475971221923828	2.409998947627834e-08	0.8191521802758428	-0.5735762421416468	-0.09288668632507324	0.8660255832539336	-0.28678795987110706	-0.4095758235328997	7.694340229034424	0.0	0.0	0.0	1.0
-0.42261785678604574	-0.5198367194366371	-0.7424041569461505	-10.475971221923828	-1.359775386733375e-08	0.8191521866831584	-0.5735762329910472	-0.09288668632507324	0.906307975869996	-0.24240354819506102	-0.34618834858625097	7.694340229034424	0.0	0.0	0.0	1.0
-0.3420198039329175	-0.5389854413987413	-0.7697513544501839	-10.475971221923828	-1.1273075806172983e-08	0.819152176409577	-0.5735762476632493	-0.09288668632507324	0.9396927443146981	-0.19617442708889768	-0.28016627284284984	7.694340229034424	0.0	0.0	0.0	1.0
-0.258818717970174	-0.5540321549155909	-0.7912403190863454	-10.475971221923828	-3.960312855433301e-09	0.8191521816032907	-0.5735762402458535	-0.09288668632507324	0.9659259139438569	-0.14845226402502515	-0.21201191965917565	7.694340229034424	0.0	0.0	0.0	1.0
-0.17364777431650857	-0.5648623566057378	-0.8067074863695858	-10.475971221923828	1.6851364859071793e-08	0.819152188804785	-0.5735762299610487	-0.09288668632507324	0.9848078241336848	-0.09960024932771211	-0.1422439448937456	7.694340229034424	0.0	0.0	0.0	1.0
-0.0871553642588459	-0.5713936071825872	-0.8160351022791723	-10.475971221923828	1.5447374490662469e-09	0.8191521964934971	-0.5735762189804237	-0.09288668632507324	0.9961947312051536	-0.04999024555601034	-0.07139350718617132	7.694340229034424	0.0	0.0	0.0	1.0
3.5325380559614317e-07	-0.5735762504311241	-0.8191521744714149	-10.475971221923828	8.999644918183947e-10	0.8191521744714663	-0.5735762504311596	-0.09288668632507324	0.9999999999999375	2.0188078542204835e-07	2.89884821202957e-07	7.694340229034424	0.0	0.0	0.0	1.0
0.08715606740807008	-0.5713935719618863	-0.8160350518418904	-10.475971221923828	2.534647491891917e-10	0.8191521965385291	-0.5735762189161113	-0.09288668632507324	0.9961946696875867	0.04999064739268244	0.07139408420380883	7.694340229034424	0.0	0.0	0.0	1.0
0.17364846068224754	-0.5648623051529332	-0.8067073746532879	-10.475971221923828	6.714974132293605e-09	0.8191521784155598	-0.5735762447984076	-0.09288668632507324	0.9848077031089296	0.09960062657612828	0.1422445186394075	7.694340229034424	0.0	0.0	0.0	1.0
0.2588193945657923	-0.5540320511225364	-0.7912401704448224	-10.475971221923828	5.7448384938041386e-09	0.8191521817380462	-0.5735762400534028	-0.09288668632507324	0.965925732650599	0.14845265064239832	0.21201247491751374	7.694340229034424	0.0	0.0	0.0	1.0
0.34202032759772194	-0.538985306881756	-0.7697512159623564	-10.475971221923828	-2.4507165741205483e-09	0.8191521923179397	-0.5735762249437413	-0.09288668632507324	0.9396925537163455	0.19617473024396515	0.28016669984807363	7.694340229034424	0.0	0.0	0.0	1.0
0.4226185159471779	-0.5198365518510271	-0.7424038990591573	-10.475971221923828	1.7627415471732633e-08	0.8191521810273681	-0.5735762410683567	-0.09288668632507324	0.9063076684981788	0.2424039266962077	0.34618888824405525	7.694340229034424	0.0	0.0	0.0	1.0
0.500000269552884	-0.49673150647113495	-0.7094064708796789	-10.475971221923828	1.6465116020603077e-08	0.8191521865102642	-0.5735762332379661	-0.09288668632507324	0.8660252481579528	0.28678825954765097	0.4095763222387081	7.694340229034424	0.0	0.0	0.0	1.0
0.5735766844214755	-0.4698460371121388	-0.6710100509665154	-10.475971221923828	1.0504219299933837e-08	0.8191521969430561	-0.5735762183383865	-0.09288668632507324	0.819151870588151	0.3289899385291033	0.46984660609453144	7.694340229034424	0.0	0.0	0.0	1.0
0.6427878232360904	-0.4393847884790709	-0.6275068302039517	-10.475971221923828	-5.998565616449625e-09	0.8191521789790989	-0.5735762439935904	-0.09288668632507324	0.7660442639295779	0.36868782910071346	0.5265410433893967	7.694340229034424	0.0	0.0	0.0	1.0
0.7071069683501988	-0.40557953950166525	-0.5792279106260402	-10.475971221923828	-1.9010023916132823e-08	0.8191521728296092	-0.5735762527759755	-0.09288668632507324	0.7071065940228464	0.4055797762292238	0.5792282018369463	7.694340229034424	0.0	0.0	0.0	1.0
0.7071070227179899	-0.3535531334590845	-0.6123723052556859	-10.475971221923828	8.069549972677947e-09	0.8660255191635784	-0.49999980015741446	-0.09288668632507324	0.7071065396550226	0.3535533651073303	0.612372729306574	7.694340229034424	0.0	0.0	0.0	1.0
0.707106978749509	-0.29883598987287185	-0.640856280113133	-10.475971221923828	-8.456548211688286e-09	0.9063078925131427	-0.4226180355455572	-0.09288668632507324	0.7071065836235308	0.2988361676991036	0.6408566331646821	7.694340229034424	0.0	0.0	0.0	1.0
0.7071070037997549	-0.2418445482735156	-0.664462865514479	-10.475971221923828	-1.8080095198769186e-09	0.9396926913220959	-0.34201994952902376	-0.09288668632507324	0.70710655857327	0.24184470295256658	0.664463283016038	7.694340229034424	0.0	0.0	0.0	1.0
0.7071070128524567	-0.18301250569562538	-0.6830125146246476	-10.475971221923828	-2.218336778159191e-09	0.9659258773402185	-0.2588188545769596	-0.09288668632507324	0.7071065495205625	0.18301262864496004	0.683012961356947	7.694340229034424	0.0	0.0	0.0	1.0
0.7071070227566476	-0.12278763188132391	-0.6963640253669103	-10.475971221923828	2.086111457189066e-09	0.98480778582654	-0.1736479915675046	-0.09288668632507324	0.7071065396163654	0.12278771287227662	0.6963645016795195	7.694340229034424	0.0	0.0	0.0	1.0
0.7071069639098937	-0.06162826196256137	-0.7044158565205687	-10.475971221923828	-1.6013301136486024e-09	0.9961947151290613	-0.08715554801002975	-0.09288668632507324	0.7071065984631544	0.06162829606927742	0.7044162203793047	7.694340229034424	0.0	0.0	0.0	1.0
0.7071069942678495	1.3697721761418194e-07	-0.707106568105168	-10.475971221923828	-1.2308548099951538e-15	0.9999999999999812	1.9371509602985427e-07	-0.09288668632507324	0.7071065681051814	-1.3697729842763257e-07	0.7071069942678362	7.694340229034424	0.0	0.0	0.0	1.0
0.707106963884893	0.061628535186784295	-0.7044158326416435	-10.475971221923828	7.91533460303695e-10	0.9961946813945091	0.08715593359773413	-0.09288668632507324	0.7071065984881549	-0.06162856814841581	0.7044161965503686	7.694340229034424	0.0	0.0	0.0	1.0
0.7660446340237833	0.056022733812689005	-0.6403413714414528	-10.475971221923828	-9.184480502522074e-10	0.996194681569614	0.08715593159627907	-0.09288668632507324	0.6427873821749832	-0.06676533313455321	0.7631295903108883	7.694340229034424	0.0	0.0	0.0	1.0
0.8191522078786257	0.049990568000827046	-0.5713935626505847	-10.475971221923828	5.043431609841331e-10	0.9961946815508825	0.08715593181038177	-0.09288668632507324	0.5735762027207657	-0.0713939742603716	0.8160350728441375	7.694340229034424	0.0	0.0	0.0	1.0
0.8660255565304071	0.04357794488190577	-0.4980970770402771	-10.475971221923828	-1.666437390857034e-09	0.9961946814463609	0.08715593300506244	-0.09288668632507324	0.49999973543612813	-0.07547926455558851	0.8627300534848366	7.694340229034424	0.0	0.0	0.0	1.0
0.9063079150875407	0.036833664878698116	-0.4210097910753137	-10.475971221923828	-7.053222762787303e-10	0.9961946815978029	0.08715593127408205	-0.09288668632507324	0.42261798713456994	-0.0789901100635787	0.9028591249261806	7.694340229034424	0.0	0.0	0.0	1.0
0.9396927122937434	0.029809062233064836	-0.34071839731780423	-10.475971221923828	3.5135214529469216e-10	0.9961946815035895	0.0871559323509415	-0.09288668632507324	0.34201989190985344	-0.08189979458305839	0.9361168822242364	7.694340229034424	0.0	0.0	0.0	1.0
0.9659258910535926	0.022557594708223487	-0.2578339153666609	-10.475971221923828	-2.903276993815318e-10	0.9961946813992201	0.0871559335438851	-0.09288668632507324	0.2588188033979041	-0.08418617269412859	0.9622502352999407	7.694340229034424	0.0	0.0	0.0	1.0
0.9848077975872744	0.015134447498528065	-0.1729871391468638	-10.475971221923828	-2.224302513009757e-10	0.9961946812579485	0.08715593515862599	-0.09288668632507324	0.17364792486897768	-0.08583184451174819	0.9810602900211634	7.694340229034424	0.0	0.0	0.0	1.0
0.9848077975175956	0.030153678759220294	-0.1710098172790922	-10.475971221923828	-3.7463357763223293e-10	0.9848077198908337	0.17364836550747512	-0.09288668632507324	0.1736479252641469	-0.17101026431388092	0.9698463216153136	7.694340229034424	0.0	0.0	0.0	1.0
0.9848077951255034	0.04494342440024672	-0.1677310205752769	-10.475971221923828	-4.456920631168426e-10	0.9659257795896086	0.25881921938721425	-0.09288668632507324	0.17364793883039514	-0.25488718470607	0.9512512372725563	7.694340229034424	0.0	0.0	0.0	1.0
0.9848077965915959	0.059391115344255965	-0.16317566972613115	-10.475971221923828	-1.0680646957139661e-09	0.9396925699098492	0.3420202831064608	-0.09288668632507324	0.1736479305157598	-0.3368242412214253	0.9254165693098462	7.694340229034424	0.0	0.0	0.0	1.0
0.9848077966649349	0.0733868141409067	-0.15737845830419267	-10.475971221923828	-2.08725425832057e-09	0.9063077174742256	0.422618410917768	-0.09288668632507324	0.17364793009983298	-0.4161979057574743	0.8925389064993953	7.694340229034424	0.0	0.0	0.0	1.0
0.9848077946399679	0.086823998197157	-0.1503835129042498	-10.475971221923828	9.381941820651996e-10	0.8660253100064954	0.500000162428127	-0.09288668632507324	0.17364794158400668	-0.4924040574215584	0.8528684755684336	7.694340229034424	0.0	0.0	0.0	1.0
0.9848077972157745	0.09960038331664067	-0.14224403743634528	-10.475971221923828	-1.655826510627012e-09	0.8191519521648706	0.5735765679179039	-0.09288668632507324	0.17364792697586157	-0.5648626761502835	0.8067072297614085	7.694340229034424	0.0	0.0	0.0	1.0
0.9848077953436397	0.11161877324069418	-0.1330220120530514	-10.475971221923828	-6.211222230989577e-10	0.7660442979622437	0.6427877826775591	-0.09288668632507324	0.17364793759327998	-0.6330224190498907	0.7544063962810925	7.694340229034424	0.0	0.0	0.0	1.0
0.984807797842421	0.12278764343837388	-0.12278760494289268	-10.475971221923828	-1.832700310955282e-09	0.7071066776925664	0.7071068846805134	-0.09288668632507324	0.17364792342196642	-0.6963643737163984	0.6963641703231198	7.694340229034424	0.0	0.0	0.0	1.0
0.9659258895249108	0.1830125633562525	-0.18301250667449936	-10.475971221923828	2.112963609635088e-09	0.7071066661096713	0.7071068962634051	-0.09288668632507324	0.2588188091030287	-0.683012858149127	0.6830126350642793	7.694340229034424	0.0	0.0	0.0	1.0
0.9396927045630891	0.24184464606152148	-0.24184455371639935	-10.475971221923828	-4.023150784737695e-09	0.70710665400293	0.7071069083701421	-0.09288668632507324	0.34201991314966873	-0.6644632021686062	0.6644629650875472	7.694340229034424	0.0	0.0	0.0	1.0
0.9063078934872963	0.29883612569652024	-0.29883602892106725	-10.475971221923828	-3.195377518139253e-09	0.7071066715368209	0.707106890836257	-0.09288668632507324	0.42261803345647636	-0.6408565557492658	0.640856358906244	7.694340229034424	0.0	0.0	0.0	1.0
0.8660255307835495	0.353553292319021	-0.35355317778440704	-10.475971221923828	-1.0984632953237039e-08	0.7071066801052568	0.707106882267824	-0.09288668632507324	0.49999978003102313	-0.6123726091530411	0.6123724418424016	7.694340229034424	0.0	0.0	0.0	1.0
0.8191521968542695	0.40557970064838894	-0.4055795665597416	-10.475971221923828	1.0384792636930484e-08	0.7071066538111591	0.7071069085619133	-0.09288668632507324	0.5735762184651876	-0.579228181771182	0.5792279646678212	7.694340229034424	0.0	0.0	0.0	1.0
0.7660446133220328	0.45451940724418805	-0.4545192612405873	-10.475971221923828	3.604060938577902e-09	0.7071066645787286	0.7071068977943471	-0.09288668632507324	0.6427874068463828	-0.5416754317363279	0.5416752498065288	7.694340229034424	0.0	0.0	0.0	1.0
0.7071069659533825	0.4999999457112441	-0.49999979298891256	-10.475971221923828	3.2103115166215446e-09	0.7071066709254804	0.7071068914475978	-0.09288668632507324	0.7071065964196647	-0.5000002102213936	0.5000000510783575	7.694340229034424	0.0	0.0	0.0	1.0
0.642787776244249	0.5416752193590423	-0.5416750238319159	-10.475971221923828	1.0325268751110173e-08	0.7071066474389177	0.707106914934152	-0.09288668632507324	0.7660443033604343	-0.45451968701039513	0.4545195038818459	7.694340229034424	0.0	0.0	0.0	1.0
0.5735766103318736	0.5792279865700676	-0.5792277718257163	-10.475971221923828	-5.009128611899172e-09	0.7071066525894213	0.7071069097836507	-0.09288668632507324	0.8191519224662777	-0.4055799815545258	0.4055798398367854	7.694340229034424	0.0	0.0	0.0	1.0
0.5000001665463336	0.6123724774723547	-0.612372257934672	-10.475971221923828	1.9727236955091598e-08	0.7071066463827657	0.707106915990303	-0.09288668632507324	0.8660253076288462	-0.35355358784162866	0.35355342887698543	7.694340229034424	0.0	0.0	0.0	1.0
0.42261840594223166	0.6408564382690076	-0.6408562307475905	-10.475971221923828	-2.5286134852642306e-09	0.7071066675330135	0.7071068948400634	-0.09288668632507324	0.9063077197943572	-0.29883638710759103	0.29883629428440395	7.694340229034424	0.0	0.0	0.0	1.0
0.3420203818798874	0.6644630832905936	-0.6644628426952811	-10.475971221923828	-2.626583694986806e-08	0.7071066599283673	0.7071069024447065	-0.09288668632507324	0.9396925339592389	-0.24184495535137016	0.24184490731119085	7.694340229034424	0.0	0.0	0.0	1.0
0.2588192508808077	0.6830127939025616	-0.6830125319047333	-10.475971221923828	6.364085092247507e-09	0.7071066443606752	0.7071069180123933	-0.09288668632507324	0.9659257711509188	-0.18301288715935426	0.1830128076395201	7.694340229034424	0.0	0.0	0.0	1.0
0.1736484986964586	0.6963643383016063	-0.6963640622851184	-10.475971221923828	1.3310720858861202e-09	0.7071066408833211	0.7071069214897464	-0.09288668632507324	0.9848076964059869	-0.12278805626147982	0.12278800568077353	7.694340229034424	0.0	0.0	0.0	1.0
0.0871559105763931	0.7044161191978673	-0.7044159128425593	-10.475971221923828	3.713150292794509e-08	0.7071066753176605	0.707106887055418	-0.09288668632507324	0.996194683408619	-0.061628570772175206	0.0616285000059274	7.694340229034424	0.0	0.0	0.0	1.0
2.6588945550853893e-07	0.7071069002617303	-0.7071066621112946	-10.475971221923828	-1.8896204212470735e-08	0.7071066621113231	0.7071069002617516	-0.09288668632507324	0.9999999999999644	-1.7465063678612225e-07	2.013738417683264e-07	7.694340229034424	0.0	0.0	0.0	1.0
1.8725046330159145e-07	0.6427877387664238	-0.766044334808053	-10.475971221923828	2.1549863338243824e-08	0.7660443348080637	0.642787738766438	-0.09288668632507324	0.9999999999999822	-1.3687045263832687e-07	1.2959016865154993e-07	7.694340229034424	0.0	0.0	0.0	1.0
2.6652457268960816e-07	0.573576616925749	-0.819151917849151	-10.475971221923828	4.349487381372086e-09	0.8191519178491793	0.5735766169257703	-0.09288668632507324	0.9999999999999648	-1.564351536642583e-07	2.1582935066932762e-07	7.694340229034424	0.0	0.0	0.0	1.0
2.606269812743811e-07	0.5000002157062082	-0.8660252792463266	-10.475971221923828	-4.384380691835332e-09	0.8660252792463565	0.5000002157062242	-0.09288668632507324	0.9999999999999662	-1.2651656233764186e-07	2.279017455308896e-07	7.694340229034424	0.0	0.0	0.0	1.0
2.605701545643768e-07	0.42261846052912766	-0.9063076943400193	-10.475971221923828	6.988185169420902e-09	0.9063076943400493	0.42261846052914365	-0.09288668632507324	0.9999999999999659	-1.1645520356373673e-07	2.332033999241645e-07	7.694340229034424	0.0	0.0	0.0	1.0
1.733448833363127e-07	0.3420203559293908	-0.9396925434044388	-10.475971221923828	1.2231628820913443e-08	0.939692543404452	0.3420203559293979	-0.09288668632507324	0.9999999999999849	-7.078144909078432e-08	1.5870742819945605e-07	7.694340229034424	0.0	0.0	0.0	1.0
2.5484359755800767e-07	0.25881928088742523	-0.965925763110629	-10.475971221923828	-1.6679296555022205e-09	0.9659257631106606	0.25881928088743317	-0.09288668632507324	0.9999999999999676	-6.434734045601687e-08	2.465916888461095e-07	7.694340229034424	0.0	0.0	0.0	1.0
2.5375545464889626e-07	0.17364842489735044	-0.9848077094187497	-10.475971221923828	-1.0468375749583814e-09	0.9848077094187814	0.17364842489735577	-0.09288668632507324	0.9999999999999676	-4.303330129740157e-08	2.500821097983774e-07	7.694340229034424	0.0	0.0	0.0	1.0
2.5375545464889626e-07	0.17364842489735044	-0.9848077094187497	-10.275971412658691	-1.0468375749583814e-09	0.9848077094187814	0.17364842489735577	-0.09288668632507324	0.9999999999999676	-4.303330129740157e-08	2.500821097983774e-07	7.694340229034424	0.0	0.0	0.0	1.0
2.5375545464889626e-07	0.17364842489735044	-0.9848077094187497	-10.075971603393555	-1.0468375749583814e-09	0.9848077094187814	0.17364842489735577	-0.09288668632507324	0.9999999999999676	-4.303330129740157e-08	2.500821097983774e-07	7.694340229034424	0.0	0.0	0.0	1.0
2.5375545464889626e-07	0.17364842489735044	-0.9848077094187497	-9.875971794128418	-1.0468375749583814e-09	0.9848077094187814	0.17364842489735577	-0.09288668632507324	0.9999999999999676	-4.303330129740157e-08	2.500821097983774e-07	7.694340229034424	0.0	0.0	0.0	1.0
2.5375545464889626e-07	0.17364842489735044	-0.9848077094187497	-9.675971984863281	-1.0468375749583814e-09	0.9848077094187814	0.17364842489735577	-0.09288668632507324	0.9999999999999676	-4.303330129740157e-08	2.500821097983774e-07	7.694340229034424	0.0	0.0	0.0	1.0
2.5375545464889626e-07	0.17364842489735044	-0.9848077094187497	-9.475972175598145	-1.0468375749583814e-09	0.9848077094187814	0.17364842489735577	-0.09288668632507324	0.9999999999999676	-4.303330129740157e-08	2.500821097983774e-07	7.694340229034424	0.0	0.0	0.0	1.0
2.5375545464889626e-07	0.17364842489735044	-0.9848077094187497	-9.275972366333008	-1.0468375749583814e-09	0.9848077094187814	0.17364842489735577	-0.09288668632507324	0.9999999999999676	-4.303330129740157e-08	2.500821097983774e-07	7.694340229034424	0.0	0.0	0.0	1.0
2.5375545464889626e-07	0.17364842489735044	-0.9848077094187497	-9.075972557067871	-1.0468375749583814e-09	0.9848077094187814	0.17364842489735577	-0.09288668632507324	0.9999999999999676	-4.303330129740157e-08	2.500821097983774e-07	7.694340229034424	0.0	0.0	0.0	1.0
2.5375545464889626e-07	0.17364842489735044	-0.9848077094187497	-8.875972747802734	-1.0468375749583814e-09	0.9848077094187814	0.17364842489735577	-0.09288668632507324	0.9999999999999676	-4.303330129740157e-08	2.500821097983774e-07	7.694340229034424	0.0	0.0	0.0	1.0
2.5375545464889626e-07	0.17364842489735044	-0.9848077094187497	-8.675972938537598	-1.0468375749583814e-09	0.9848077094187814	0.17364842489735577	-0.09288668632507324	0.9999999999999676	-4.303330129740157e-08	2.500821097983774e-07	7.694340229034424	0.0	0.0	0.0	1.0
2.5375545464889626e-07	0.17364842489735044	-0.9848077094187497	-8.475973129272461	-1.0468375749583814e-09	0.9848077094187814	0.17364842489735577	-0.09288668632507324	0.9999999999999676	-4.303330129740157e-08	2.500821097983774e-07	7.694340229034424	0.0	0.0	0.0	1.0
0.08715598571062338	0.17298763824647295	-0.9810601975254715	-8.475973129272461	3.6944902553903702e-09	0.9848077090576977	0.1736484269451617	-0.09288668632507324	0.9961946768352107	-0.015134503442022065	0.08583188597924324	7.694340229034424	0.0	0.0	0.0	1.0
0.17364837313304177	0.17101030973202025	-0.9698462334172394	-8.475973129272461	-2.705420318327434e-09	0.9848077093978236	0.17364842501621428	-0.09288668632507324	0.9848077185462388	-0.030153763877338896	0.17101025704846423	7.694340229034424	0.0	0.0	0.0	1.0
0.2588192192731652	0.16773149670306303	-0.9512511533494082	-8.475973129272461	-6.222331538907611e-09	0.9848077085209626	0.17364842998913216	-0.09288668632507324	0.9659257796201678	-0.04494354515879802	0.25488716329727135	7.694340229034424	0.0	0.0	0.0	1.0
0.3420202232212432	0.16317613855878826	-0.9254165087746888	-8.475973129272461	4.8070903230224005e-09	0.9848077090922027	0.17364842674947262	-0.09288668632507324	0.9396925917062935	-0.05939127812743306	0.33682415170931396	7.694340229034424	0.0	0.0	0.0	1.0
0.42261830936564754	0.15737891798539597	-0.8925388735302613	-8.475973129272461	1.3389048758583044e-09	0.9848077088919471	0.17364842788517754	-0.09288668632507324	0.9063077648287703	-0.07338700621186096	0.41619776877145614	7.694340229034424	0.0	0.0	0.0	1.0
0.5000001172300581	0.15038393947535794	-0.8528684268501209	-8.475973129272461	-1.8357536601953939e-09	0.9848077088006005	0.17364842840322972	-0.09288668632507324	0.8660253361016225	-0.08682423299277389	0.49240397012543313	7.694340229034424	0.0	0.0	0.0	1.0
