1.0	0.0	0.0	4.604743480682373	0.0	1.0	0.0	2.1644749641418457	0.0	0.0	1.0	0.04159747064113617	0.0	0.0	0.0	1.0
0.9999999999999999	-0.0	0.0	4.604743480682373	0.0	0.9961946982682389	0.08715574073032861	2.1644749641418457	-0.0	-0.08715574073032861	0.9961946982682389	0.04159747064113617	0.0	0.0	0.0	1.0
1.0000000000000002	-0.0	0.0	4.604743480682373	0.0	0.9848077531002408	0.17364817716767306	2.1644749641418457	-0.0	-0.17364817716767306	0.9848077531002408	0.04159747064113617	0.0	0.0	0.0	1.0
0.9999999999999999	-0.0	0.0	4.604743480682373	0.0	0.9659258316218277	0.25881902520039096	2.1644749641418457	-0.0	-0.25881902520039096	0.9659258316218277	0.04159747064113617	0.0	0.0	0.0	1.0
1.0	-0.0	0.0	4.604743480682373	0.0	0.93969262448596	0.3420201331598604	2.1644749641418457	-0.0	-0.3420201331598604	0.93969262448596	0.04159747064113617	0.0	0.0	0.0	1.0
1.0000000000000002	-0.0	0.0	4.604743480682373	0.0	0.9063077933127555	0.4226182482815481	2.1644749641418457	-0.0	-0.4226182482815481	0.9063077933127555	0.04159747064113617	0.0	0.0	0.0	1.0
1.0	-0.0	0.0	4.604743480682373	0.0	0.8660253883290534	0.5000000267695114	2.1644749641418457	-0.0	-0.5000000267695114	0.8660253883290534	0.04159747064113617	0.0	0.0	0.0	1.0
1.0	-0.0	0.0	4.604743480682373	0.0	0.8191520362026039	0.5735764478996047	2.1644749641418457	-0.0	-0.5735764478996047	0.8191520362026039	0.04159747064113617	0.0	0.0	0.0	1.0
1.0000000000000002	-0.0	0.0	4.604743480682373	0.0	0.7660444185289921	0.6427876389917426	2.1644749641418457	-0.0	-0.6427876389917426	0.7660444185289921	0.04159747064113617	0.0	0.0	0.0	1.0
1.0	-0.0	0.0	4.604743480682373	0.0	0.7071068129364553	0.7071067494366384	2.1644749641418457	-0.0	-0.7071067494366384	0.7071068129364553	0.04159747064113617	0.0	0.0	0.0	1.0
0.9961946980356502	0.061628415188962546	-0.061628419150230714	4.604743480682373	2.6568598952836364e-09	0.7071067824383226	0.7071067799347724	2.1644749641418457	0.08715574338883048	-0.7044160252798196	0.704416027446367	0.04159747064113617	0.0	0.0	0.0	1.0
0.9848077537948811	0.1227877941557132	-0.122787807504878	4.604743480682373	-5.215468994179684e-09	0.707106840539018	0.707106721834072	2.1644749641418457	0.1736481732281706	-0.6963641817822782	0.6963642999646213	0.04159747064113617	0.0	0.0	0.0	1.0
0.9659258309055688	0.18301267865762827	-0.18301270076130355	4.604743480682373	-2.1457484539189053e-09	0.7071068295501118	0.7071067328229801	2.1644749641418457	0.25881902787350614	-0.6830126580482598	0.6830127522648932	0.04159747064113617	0.0	0.0	0.0	1.0
0.939692622488945	0.24184474088536898	-0.2418447777933985	4.604743480682373	7.592406620071657e-09	0.7071068203922535	0.7071067419808397	2.1644749641418457	0.3420201386466146	-0.6644629905877728	0.6644630605980323	0.04159747064113617	0.0	0.0	0.0	1.0
0.9063077856469394	0.29883622411576205	-0.298836257559178	4.604743480682373	-2.377141955500761e-09	0.7071068243581649	0.7071067380149275	2.1644749641418457	0.4226182647209433	-0.6408563412359632	0.6408564209102638	0.04159747064113617	0.0	0.0	0.0	1.0
0.8660253939859721	0.3535533877289623	-0.3535534174588279	4.604743480682373	5.510669809360991e-09	0.7071068041672476	0.707106758205847	2.1644749641418457	0.5000000169714418	-0.6123724108136783	0.6123724467207861	0.04159747064113617	0.0	0.0	0.0	1.0
0.8191520512652151	0.4055797671584407	-0.4055797940969144	4.604743480682373	-8.22474835460163e-09	0.7071068129752333	0.7071067493978603	2.1644749641418457	0.5735764263879666	-0.579227940896944	0.5792279996480626	0.04159747064113617	0.0	0.0	0.0	1.0
0.7660444131758022	0.45451948344500537	-0.4545195223651305	4.604743480682373	-1.6308663614017505e-08	0.7071068252042888	0.7071067371688033	2.1644749641418457	0.6427876453714249	-0.541675158114526	0.5416752403788293	0.04159747064113617	0.0	0.0	0.0	1.0
0.707106810988871	0.49999995768138594	-0.5000000001717614	4.604743480682373	3.435261797246625e-10	0.707106810988871	0.7071067513842227	2.1644749641418457	0.7071067513842227	-0.5000000001717614	0.5000000419750878	0.04159747064113617	0.0	0.0	0.0	1.0
0.6427876042731858	0.5416752077048359	-0.5416752395584103	4.604743480682373	2.3486657174665027e-08	0.7071067880420818	0.7071067743310128	2.1644749641418457	0.7660444476613206	-0.4545194821597126	0.4545194655287373	0.04159747064113617	0.0	0.0	0.0	1.0
0.5735764307016159	0.5792279410260095	-0.5792279952474361	4.604743480682373	2.3889065337012738e-08	0.707106802454627	0.7071067599184668	2.1644749641418457	0.8191520482447648	-0.4055797853162342	0.4055797820395435	0.04159747064113617	0.0	0.0	0.0	1.0
0.4999999618362391	0.6123724272955655	-0.6123724752566015	4.604743480682373	-1.1392613574745525e-08	0.7071068135278777	0.7071067488452158	2.1644749641418457	0.8660254258182951	-0.353553340460232	0.3535533867546059	0.04159747064113617	0.0	0.0	0.0	1.0
0.4999999405926383	0.5566703915321468	-0.6634139993991719	4.604743480682373	1.186137288389233e-08	0.7660444675335221	0.6427875805904175	2.1644749641418457	0.8660254380832921	-0.3213937599778953	0.3830221816552052	0.04159747064113617	0.0	0.0	0.0	1.0
0.49999993415466715	0.49673179432110764	-0.709406505718591	4.604743480682373	9.956417579282117e-09	0.8191520348276659	0.5735764498632194	2.1644749641418457	0.8660254418002558	-0.28678819422742485	0.4095759585308254	0.04159747064113617	0.0	0.0	0.0	1.0
0.4999999418848987	0.43301274449368005	-0.7500000141474324	4.604743480682373	6.630526627748878e-09	0.8660253846536524	0.5000000331354923	2.1644749641418457	0.8660254373372055	-0.24999999248308863	0.43301263912657073	0.04159747064113617	0.0	0.0	0.0	1.0
0.49999995531267394	0.3659981702665639	-0.7848855865977226	4.604743480682373	-8.562197423289675e-09	0.9063077844993577	0.42261826718193973	2.1644749641418457	0.8660254295846767	-0.21130910798494426	0.45315385488295606	0.04159747064113617	0.0	0.0	0.0	1.0
0.4999999498626829	0.2961981703175537	-0.8137976984717077	4.604743480682373	5.9293737419974235e-09	0.9396926079771215	0.3420201785175198	2.1644749641418457	0.8660254327312304	-0.17101007693609643	0.4698462551186248	0.04159747064113617	0.0	0.0	0.0	1.0
0.4999999738556604	0.22414392686289034	-0.8365163036037148	4.604743480682373	-7.093786114076295e-10	0.9659258094045717	0.2588191081163116	2.1644749641418457	0.8660254188788797	-0.1294095466980944	0.48296287960779644	0.04159747064113617	0.0	0.0	0.0	1.0
0.49999993834315365	0.15038380329106582	-0.8528685557367891	4.604743480682373	6.215981354640299e-09	0.9848077393727268	0.17364825502025405	2.1644749641418457	0.8660254393820325	-0.08682412210493828	0.49240380803144107	0.04159747064113617	0.0	0.0	0.0	1.0
0.4999999329563004	0.07547915278095768	-0.8627299487899815	4.604743480682373	2.190765721610255e-09	0.9961946917077433	0.08715581571710898	2.1644749641418457	0.8660254424921334	-0.043577903905345355	0.49809727889993677	0.04159747064113617	0.0	0.0	0.0	1.0
0.49999994875099824	6.45239221341337e-08	-0.8660254333730589	4.604743480682373	7.691850078083546e-16	0.9999999999999969	7.450580552514897e-08	2.1644749641418457	0.8660254333730614	-3.725289961036011e-08	0.4999999487509968	0.04159747064113617	0.0	0.0	0.0	1.0
0.49999993300140333	-0.07547902553258563	-0.8627299598966316	4.604743480682373	-3.383609198381876e-09	0.9961947045025288	-0.08715566947204023	2.1644749641418457	0.8660254424660931	0.04357783181585359	0.4980972852522256	0.04159747064113617	0.0	0.0	0.0	1.0
0.49999993815209237	-0.15038367422315685	-0.8528685786069548	4.604743480682373	-3.6943038628223235e-09	0.9848077659082926	-0.17364810452958526	2.1644749641418457	0.8660254394923419	0.0868240446757764	0.4924038214902835	0.04159747064113617	0.0	0.0	0.0	1.0
0.4999999735695242	-0.22414380089728667	-0.8365163375271236	4.604743480682373	3.219029653944716e-09	0.9659258487667071	-0.2588189612148162	2.1644749641418457	0.8660254190440804	0.1294094710739289	0.4829628995749993	0.04159747064113617	0.0	0.0	0.0	1.0
0.49999995577260625	-0.2961980738052642	-0.8137977299682297	4.604743480682373	1.3554408151428277e-09	0.9396926494870105	-0.34202006447002936	2.1644749641418457	0.8660254293191352	0.1710100160053039	0.4698462835848272	0.04159747064113617	0.0	0.0	0.0	1.0
0.49999995698316424	-0.3659981092337289	-0.7848856139936379	4.604743480682373	-1.3857889835655612e-10	0.9063078150197752	-0.4226182017306893	2.1644749641418457	0.8660254286202193	0.2113090827944154	0.4531538684726734	0.04159747064113617	0.0	0.0	0.0	1.0
0.4999999409899467	-0.43301269823178146	-0.7500000414533866	4.604743480682373	-2.7738205343741384e-09	0.8660254167804857	-0.4999999774901852	2.1644749641418457	0.866025437853906	0.24999996132043287	0.4330126560849374	0.04159747064113617	0.0	0.0	0.0	1.0
0.4999999331148779	-0.4967317512192525	-0.709406536631692	4.604743480682373	-6.148458353560926e-09	0.8191520712162315	-0.5735763978949604	2.1644749641418457	0.8660254424005784	0.28678816494550935	0.4095759777648949	0.04159747064113617	0.0	0.0	0.0	1.0
0.4226181693803824	-0.5198367735204215	-0.7424039411300642	4.604743480682373	1.4383207014301291e-08	0.8191520805139949	-0.573576384616376	2.1644749641418457	0.906307830104967	0.24240379098824139	0.3461885601878762	0.04159747064113617	0.0	0.0	0.0	1.0
0.34202000104503283	-0.5389855475547154	-0.7697511925371077	4.604743480682373	-4.532565600623428e-09	0.8191520633455913	-0.5735764091354005	2.1644749641418457	0.9396926725718127	0.19617460754084365	0.2801663871185126	0.04159747064113617	0.0	0.0	0.0	1.0
0.25881896722270026	-0.5540322544848093	-0.7912401678354394	4.604743480682373	-1.727957488206755e-08	0.819152078391085	-0.5735763876482063	2.1644749641418457	0.9659258471568998	0.14845246194672965	0.21201208535406724	0.04159747064113617	0.0	0.0	0.0	1.0
0.17364820742752296	-0.5648624979331861	-0.8067072941816561	4.604743480682373	9.000528988778456e-09	0.8191520597895741	-0.5735764142139194	2.1644749641418457	0.9848077477646119	0.09960050889016112	0.14224429187708398	0.04159747064113617	0.0	0.0	0.0	1.0
0.08715580289014602	-0.5713937706121512	-0.816034940997138	4.604743480682373	1.447119019060139e-08	0.8191520669542962	-0.5735764039816353	2.1644749641418457	0.9961946928299578	0.04999050019886536	0.07139386435327222	0.04159747064113617	0.0	0.0	0.0	1.0
8.672921997243677e-08	-0.5735763943014787	-0.81915207373241	4.604743480682373	5.2495188751500166e-09	0.8191520737324132	-0.5735763943014804	2.1644749641418457	0.9999999999999963	4.544567905329089e-08	7.405542051808212e-08	0.04159747064113617	0.0	0.0	0.0	1.0
-0.08715563025622752	-0.5713937789000252	-0.8160349536318827	4.604743480682373	-3.982143892411472e-09	0.8191520666916199	-0.5735764043567764	2.1644749641418457	0.9961947079334641	-0.04999040977224706	-0.07139371692357177	0.04159747064113617	0.0	0.0	0.0	1.0
-0.17364803725433098	-0.5648625143944196	-0.8067073192860793	4.604743480682373	1.4585593843818856e-09	0.8191520592647221	-0.5735764149634859	2.1644749641418457	0.9848077777707273	-0.09960041985041548	-0.14224414648027683	0.04159747064113617	0.0	0.0	0.0	1.0
-0.258818822977484	-0.5540322840579144	-0.7912401943115128	4.604743480682373	2.6318395740521083e-08	0.8191520716345764	-0.5735763972975019	2.1644749641418457	0.965925885807265	-0.1484523888603777	-0.21201196043878762	0.04159747064113617	0.0	0.0	0.0	1.0
-0.34201993493647764	-0.5389855648439554	-0.769751209804759	4.604743480682373	8.790765060329164e-09	0.81915205985748	-0.5735764141169403	2.1644749641418457	0.939692696633345	-0.19617457460407606	-0.28016632947744147	0.04159747064113617	0.0	0.0	0.0	1.0
-0.4226181140170959	-0.5198368041053594	-0.7424039512301632	4.604743480682373	4.877329595753821e-09	0.8191520631730698	-0.5735764093817864	2.1644749641418457	0.9063078559212827	-0.2424037839985772	-0.34618849749600056	0.04159747064113617	0.0	0.0	0.0	1.0
-0.4999997918945899	-0.4967318074004182	-0.7094065968272925	4.604743480682373	3.050124317005576e-08	0.8191520555390291	-0.5735764202843266	2.1644749641418457	0.8660255239341195	-0.2867881124155902	-0.40957584214860254	0.04159747064113617	0.0	0.0	0.0	1.0
-0.5735762277499202	-0.46984637825573705	-0.6710102024560721	4.604743480682373	1.2458334919251968e-09	0.8191520573936545	-0.5735764176356479	2.1644749641418457	0.8191521903530333	-0.32898979878973467	-0.469846146448088	0.04159747064113617	0.0	0.0	0.0	1.0
-0.6427873987983099	-0.43938510422875804	-0.6275070438871471	4.604743480682373	8.860798927923241e-09	0.8191520757089958	-0.5735763914786274	2.1644749641418457	0.766044620075164	-0.3686876822508818	-0.5265406280719185	0.04159747064113617	0.0	0.0	0.0	1.0
-0.7071066078067765	-0.40557985297230315	-0.5792281312738174	4.604743480682373	-1.2831687407066639e-08	0.8191520854626222	-0.5735763775490033	2.1644749641418457	0.707106954566276	-0.40557963921430024	-0.5792278576335952	0.04159747064113617	0.0	0.0	0.0	1.0
-0.7660442438750371	-0.36868794283443684	-0.5265409929287878	4.604743480682373	-1.667405810645839e-08	0.8191520773160977	-0.5735763891834477	2.1644749641418457	0.6427878471361467	-0.4393848825770331	-0.6275067398338002	0.04159747064113617	0.0	0.0	0.0	1.0
-0.8191518449271731	-0.32899005637798306	-0.46984656831440236	4.604743480682373	3.784156321628984e-09	0.8191520842419393	-0.5735763792923199	2.1644749641418457	0.5735767210691249	-0.4698461510819247	-0.6710099398377738	0.04159747064113617	0.0	0.0	0.0	1.0
-0.8660252419808792	-0.286788358717813	-0.4095762658600996	4.604743480682373	-5.233205813137687e-09	0.819152077781375	-0.573576388518963	2.1644749641418457	0.5000002802518814	-0.4967316285182567	-0.7094063778805777	0.04159747064113617	0.0	0.0	0.0	1.0
-0.8660252312001755	-0.2500001422385754	-0.43301296493912794	4.604743480682373	2.4381737739886944e-09	0.8660254100141493	-0.4999999892098242	2.1644749641418457	0.5000002989245931	-0.43301260731128416	-0.7499998553231868	0.04159747064113617	0.0	0.0	0.0	1.0
-0.8660252442620332	-0.21130922993184992	-0.45315415218940036	4.604743480682373	-3.0034275899648577e-09	0.9063078057501376	-0.4226182216094933	2.1644749641418457	0.5000002763008092	-0.3659980472379319	-0.7848854394860022	0.04159747064113617	0.0	0.0	0.0	1.0
-0.866025236400864	-0.1710101604062435	-0.4698465866159494	4.604743480682373	-2.3228369921968195e-09	0.9396926297426835	-0.34202011871713073	2.1644749641418457	0.500000289916744	-0.2961980530744776	-0.8137975322142859	0.04159747064113617	0.0	0.0	0.0	1.0
-0.8660252285276538	-0.12940960270558463	-0.48296320592898956	4.604743480682373	-4.912035361792633e-09	0.9659258276395893	-0.2588190400623077	2.1644749641418457	0.5000003035535326	-0.22414381594493568	-0.836516136258003	0.04159747064113617	0.0	0.0	0.0	1.0
-0.8660252211436638	-0.08682415122648535	-0.49240418672759967	4.604743480682373	-1.2953479539001833e-09	0.9848077507707836	-0.17364819037868018	2.1644749641418457	0.5000003163429684	-0.15038371183605875	-0.8528683502577296	0.04159747064113617	0.0	0.0	0.0	1.0
-0.8660252375340792	-0.04357790494338551	-0.49809763516281275	4.604743480682373	-3.2578404557392915e-10	0.9961946966583929	-0.08715575913095217	2.1644749641418457	0.5000002879539583	-0.07547908684157359	-0.8627297488179718	0.04159747064113617	0.0	0.0	0.0	1.0
-0.866025228968024	-7.450585108858188e-09	-0.5000003027907893	4.604743480682373	0.0	0.9999999999999997	-1.4901161193847651e-08	2.1644749641418457	0.5000003027907893	-1.290478153479135e-08	-0.866025228968024	0.04159747064113617	0.0	0.0	0.0	1.0
-0.8660252375228101	0.04357789010584057	-0.49809763648052324	4.604743480682373	8.41997742362377e-10	0.9961946993328497	0.08715572856177169	2.1644749641418457	0.5000002879734773	0.07547906010978482	-0.862729751145388	0.04159747064113617	0.0	0.0	0.0	1.0
-0.8660252211211472	0.08682413660553027	-0.49240418934527075	4.604743480682373	1.8100877324789266e-09	0.9848077560841235	0.17364816024523383	2.1644749641418457	0.500000316381969	0.1503836854823642	-0.8528683548817326	0.04159747064113617	0.0	0.0	0.0	1.0
-0.8660252284939323	0.12940958844184297	-0.4829632098114158	4.604743480682373	5.424320645430747e-09	0.9659258355212523	0.25881901064753826	2.1644749641418457	0.5000003036119406	0.22414379021486044	-0.8365161431174439	0.04159747064113617	0.0	0.0	0.0	1.0
-0.8660252232886834	0.17101016754271015	-0.46984660818697066	4.604743480682373	-2.8258990980578602e-09	0.9396926271520214	0.34202012583491676	2.1644749641418457	0.5000003126276887	0.29619805717314646	-0.8137975167688012	0.04159747064113617	0.0	0.0	0.0	1.0
-0.866025244317951	0.21130924308376037	-0.4531541459496996	4.604743480682373	2.4989703223399218e-09	0.9063077930770385	0.42261824878704474	2.1644749641418457	0.500000276203957	0.36599807102660625	-0.7848854284548608	0.04159747064113617	0.0	0.0	0.0	1.0
-0.8660252313339092	0.25000016706787653	-0.4330129503364576	4.604743480682373	-3.4363724366048842e-09	0.8660253803455606	0.500000040597326	2.1644749641418457	0.5000002986929604	0.4330126523132568	-0.7499998294957069	0.04159747064113617	0.0	0.0	0.0	1.0
-0.906307640309338	0.21130929900994253	-0.36599841703052	4.604743480682373	2.5427033256697484e-09	0.8660253917419474	0.5000000208582059	2.1644749641418457	0.42261857639829287	0.453153838127995	-0.7848854297749113	0.04159747064113617	0.0	0.0	0.0	1.0
-0.9396924988137365	0.17101025335942927	-0.296198414781611	4.604743480682373	3.380276544784344e-09	0.8660253845609502	0.5000000332960568	2.1644749641418457	0.34202047844127037	0.46984627969369064	-0.8137975582322685	0.04159747064113617	0.0	0.0	0.0	1.0
-0.9659257402884018	0.1294096908804295	-0.2241441414682408	4.604743480682373	8.69048566443098e-09	0.8660254024903717	0.5000000022413896	2.1644749641418457	0.25881936606116435	0.4829628703612953	-0.8365162291337065	0.04159747064113617	0.0	0.0	0.0	1.0
-0.984807694066834	0.08682426132717164	-0.15038401960233644	4.604743480682373	-1.68091296437467e-09	0.8660253812436249	0.5000000390418327	2.1644749641418457	0.17364851196242626	0.4924038857348967	-0.8528684585599411	0.04159747064113617	0.0	0.0	0.0	1.0
-0.9961946680901118	0.0435780444802122	-0.0754793833315637	4.604743480682373	-1.6028925166333696e-09	0.8660253837162862	0.5000000347590584	2.1644749641418457	0.08715608566722399	0.49809736879282973	-0.8627298696190063	0.04159747064113617	0.0	0.0	0.0	1.0
-0.9999999999999395	1.7406551414079972e-07	-3.0149029891356e-07	4.604743480682373	-3.04904554786911e-15	0.8660253883290537	0.5000000267695114	2.1644749641418457	3.481310149241068e-07	0.5000000267694812	-0.8660253883290011	0.04159747064113617	0.0	0.0	0.0	1.0
-0.9961947286894567	-0.04357769797446876	0.07547878357913543	4.604743480682373	-5.215861700880176e-10	0.8660253970426496	0.5000000116771208	2.1644749641418457	-0.08715539301351341	0.4980973759380458	-0.8627299354678107	0.04159747064113617	0.0	0.0	0.0	1.0
-0.9848078141173403	-0.0868239216236866	0.15038342956360007	4.604743480682373	8.533617631978352e-10	0.866025381207424	0.5000000391045345	2.1644749641418457	-0.17364783112214888	0.49240394569745266	-0.8528685625629274	0.04159747064113617	0.0	0.0	0.0	1.0
-0.9848078144093433	-0.09960030567657968	0.14224397276308084	4.604743480682373	1.3699828216306997e-09	0.8191520298673678	0.5735764569472591	2.1644749641418457	-0.17364782946611282	0.564862577157757	-0.8067073200662089	0.04159747064113617	0.0	0.0	0.0	1.0
-0.9848078144093433	-0.09960030567657968	0.14224397276308084	4.570013999938965	1.3699828216306997e-09	0.8191520298673678	0.5735764569472591	2.1644749641418457	-0.17364782946611282	0.564862577157757	-0.8067073200662089	0.2385590374469757	0.0	0.0	0.0	1.0
-0.9848078144093433	-0.09960030567657968	0.14224397276308084	4.535284519195557	1.3699828216306997e-09	0.8191520298673678	0.5735764569472591	2.1644749641418457	-0.17364782946611282	0.564862577157757	-0.8067073200662089	0.43552058935165405	0.0	0.0	0.0	1.0
-0.9848078144093433	-0.09960030567657968	0.14224397276308084	4.500555038452148	1.3699828216306997e-09	0.8191520298673678	0.5735764569472591	2.1644749641418457	-0.17364782946611282	0.564862577157757	-0.8067073200662089	0.6324821710586548	0.0	0.0	0.0	1.0
-0.9848078144093433	-0.09960030567657968	0.14224397276308084	4.46582555770874	1.3699828216306997e-09	0.8191520298673678	0.5735764569472591	2.1644749641418457	-0.17364782946611282	0.564862577157757	-0.8067073200662089	0.8294437527656555	0.0	0.0	0.0	1.0
-0.9848078144093433	-0.09960030567657968	0.14224397276308084	4.431096076965332	1.3699828216306997e-09	0.8191520298673678	0.5735764569472591	1.9648983478546143	-0.17364782946611282	0.564862577157757	-0.8067073200662089	1.0264053344726562	0.0	0.0	0.0	1.0
-0.9848078144093433	-0.09960030567657968	0.14224397276308084	4.396366596221924	1.3699828216306997e-09	0.8191520298673678	0.5735764569472591	1.8304351568222046	-0.17364782946611282	0.564862577157757	-0.8067073200662089	1.2233668565750122	0.0	0.0	0.0	1.0
-0.9848078144093433	-0.09960030567657968	0.14224397276308084	4.361637115478516	1.3699828216306997e-09	0.8191520298673678	0.5735764569472591	1.7025432586669922	-0.17364782946611282	0.564862577157757	-0.8067073200662089	1.4203283786773682	0.0	0.0	0.0	1.0
-0.9848078144093433	-0.09960030567657968	0.14224397276308084	4.326907634735107	1.3699828216306997e-09	0.8191520298673678	0.5735764569472591	1.5860421657562256	-0.17364782946611282	0.564862577157757	-0.8067073200662089	1.6172899007797241	0.0	0.0	0.0	1.0
-0.9848078144093433	-0.09960030567657968	0.14224397276308084	4.292178153991699	1.3699828216306997e-09	0.8191520298673678	0.5735764569472591	1.469541072845459	-0.17364782946611282	0.564862577157757	-0.8067073200662089	1.81425142288208	0.0	0.0	0.0	1.0
-0.9848078144093433	-0.09960030567657968	0.14224397276308084	4.257448673248291	1.3699828216306997e-09	0.8191520298673678	0.5735764569472591	1.3530398607254028	-0.17364782946611282	0.564862577157757	-0.8067073200662089	2.0112130641937256	0.0	0.0	0.0	1.0
-0.9848078144093433	-0.09960030567657968	0.14224397276308084	4.222719192504883	1.3699828216306997e-09	0.8191520298673678	0.5735764569472591	1.2365386486053467	-0.17364782946611282	0.564862577157757	-0.8067073200662089	2.208174705505371	0.0	0.0	0.0	1.0
-0.9848078144093433	-0.09960030567657968	0.14224397276308084	4.187989711761475	1.3699828216306997e-09	0.8191520298673678	0.5735764569472591	1.1367014646530151	-0.17364782946611282	0.564862577157757	-0.8067073200662089	2.4051363468170166	0.0	0.0	0.0	1.0
-0.9848078144093433	-0.09960030567657968	0.14224397276308084	4.153260231018066	1.3699828216306997e-09	0.8191520298673678	0.5735764569472591	1.0642859935760498	-0.17364782946611282	0.564862577157757	-0.8067073200662089	2.602097988128662	0.0	0.0	0.0	1.0
-0.9848078144093433	-0.09960030567657968	0.14224397276308084	4.118530750274658	1.3699828216306997e-09	0.8191520298673678	0.5735764569472591	0.9935818314552307	-0.17364782946611282	0.564862577157757	-0.8067073200662089	2.7990596294403076	0.0	0.0	0.0	1.0
-0.9848078144093433	-0.09960030567657968	0.14224397276308084	4.08380126953125	1.3699828216306997e-09	0.8191520298673678	0.5735764569472591	0.9644747972488403	-0.17364782946611282	0.564862577157757	-0.8067073200662089	2.996021270751953	0.0	0.0	0.0	1.0
-0.9848078144093433	-0.09960030567657968	0.14224397276308084	4.049071788787842	1.3699828216306997e-09	0.8191520298673678	0.5735764569472591	0.9644747972488403	-0.17364782946611282	0.564862577157757	-0.8067073200662089	3.1929829120635986	0.0	0.0	0.0	1.0
-0.9848078144093433	-0.09960030567657968	0.14224397276308084	4.014342308044434	1.3699828216306997e-09	0.8191520298673678	0.5735764569472591	0.9644747972488403	-0.17364782946611282	0.564862577157757	-0.8067073200662089	3.389944553375244	0.0	0.0	0.0	1.0
-0.9848078144093433	-0.09960030567657968	0.14224397276308084	3.9796128273010254	1.3699828216306997e-09	0.8191520298673678	0.5735764569472591	0.9644747972488403	-0.17364782946611282	0.564862577157757	-0.8067073200662089	3.5869061946868896	0.0	0.0	0.0	1.0
-0.9848078144093433	-0.09960030567657968	0.14224397276308084	3.9261341094970703	1.3699828216306997e-09	0.8191520298673678	0.5735764569472591	0.9644747972488403	-0.17364782946611282	0.564862577157757	-0.8067073200662089	3.690122604370117	0.0	0.0	0.0	1.0
-0.9848078144093433	-0.09960030567657968	0.14224397276308084	3.854862928390503	1.3699828216306997e-09	0.8191520298673678	0.5735764569472591	0.9644747972488403	-0.17364782946611282	0.564862577157757	-0.8067073200662089	3.7043769359588623	0.0	0.0	0.0	1.0
-0.9848078144093433	-0.09960030567657968	0.14224397276308084	3.7835917472839355	1.3699828216306997e-09	0.8191520298673678	0.5735764569472591	0.9644747972488403	-0.17364782946611282	0.564862577157757	-0.8067073200662089	3.7186310291290283	0.0	0.0	0.0	1.0
-0.9848078144093433	-0.09960030567657968	0.14224397276308084	3.726029872894287	1.3699828216306997e-09	0.8191520298673678	0.5735764569472591	0.9644747972488403	-0.17364782946611282	0.564862577157757	-0.8067073200662089	3.915592670440674	0.0	0.0	0.0	1.0
-0.9848078144093433	-0.09960030567657968	0.14224397276308084	3.691300392150879	1.3699828216306997e-09	0.8191520298673678	0.5735764569472591	0.9644747972488403	-0.17364782946611282	0.564862577157757	-0.8067073200662089	4.11255407333374	0.0	0.0	0.0	1.0
-0.9848078144093433	-0.09960030567657968	0.14224397276308084	3.6565709114074707	1.3699828216306997e-09	0.8191520298673678	0.5735764569472591	0.9644747972488403	-0.17364782946611282	0.564862577157757	-0.8067073200662089	4.309515476226807	0.0	0.0	0.0	1.0
-0.9848078144093433	-0.09960030567657968	0.14224397276308084	3.6218414306640625	1.3699828216306997e-09	0.8191520298673678	0.5735764569472591	0.9644747972488403	-0.17364782946611282	0.564862577157757	-0.8067073200662089	4.506476879119873	0.0	0.0	0.0	1.0
-0.9848078144093433	-0.09960030567657968	0.14224397276308084	3.5871119499206543	1.3699828216306997e-09	0.8191520298673678	0.5735764569472591	0.9644747972488403	-0.17364782946611282	0.564862577157757	-0.8067073200662089	4.7034382820129395	0.0	0.0	0.0	1.0
-0.9848078144093433	-0.09960030567657968	0.14224397276308084	3.552382469177246	1.3699828216306997e-09	0.8191520298673678	0.5735764569472591	0.9644747972488403	-0.17364782946611282	0.564862577157757	-0.8067073200662089	4.900399684906006	0.0	0.0	0.0	1.0
-0.9848078144093433	-0.09960030567657968	0.14224397276308084	3.517652988433838	1.3699828216306997e-09	0.8191520298673678	0.5735764569472591	0.9644747972488403	-0.17364782946611282	0.564862577157757	-0.8067073200662089	5.097361087799072	0.0	0.0	0.0	1.0
-0.9848078144093433	-0.09960030567657968	0.14224397276308084	3.463290214538574	1.3699828216306997e-09	0.8191520298673678	0.5735764569472591	0.9644747972488403	-0.17364782946611282	0.564862577157757	-0.8067073200662089	5.2452392578125	0.0	0.0	0.0	1.0
-0.9848078144093433	-0.09960030567657968	0.14224397276308084	3.3760299682617188	1.3699828216306997e-09	0.8191520298673678	0.5735764569472591	0.9644747972488403	-0.17364782946611282	0.564862577157757	-0.8067073200662089	5.442200660705566	0.0	0.0	0.0	1.0
-0.9848078144093433	-0.09960030567657968	0.14224397276308084	3.3413004875183105	1.3699828216306997e-09	0.8191520298673678	0.5735764569472591	0.9644747972488403	-0.17364782946611282	0.564862577157757	-0.8067073200662089	5.639162063598633	0.0	0.0	0.0	1.0
-0.9848078144093433	-0.09960030567657968	0.14224397276308084	3.3065710067749023	1.3699828216306997e-09	0.8191520298673678	0.5735764569472591	0.9644747972488403	-0.17364782946611282	0.564862577157757	-0.8067073200662089	5.836123466491699	0.0	0.0	0.0	1.0
-0.9848078144093433	-0.09960030567657968	0.14224397276308084	3.271841526031494	1.3699828216306997e-09	0.8191520298673678	0.5735764569472591	0.9644747972488403	-0.17364782946611282	0.564862577157757	-0.8067073200662089	6.033084869384766	0.0	0.0	0.0	1.0
-0.9848078144093433	-0.09960030567657968	0.14224397276308084	3.237112045288086	1.3699828216306997e-09	0.8191520298673678	0.5735764569472591	0.9644747972488403	-0.17364782946611282	0.564862577157757	-0.8067073200662089	6.130143642425537	0.0	0.0	0.0	1.0
-0.9848078144093433	-0.09960030567657968	0.14224397276308084	3.2023825645446777	1.3699828216306997e-09	0.8191520298673678	0.5735764569472591	0.9644747972488403	-0.17364782946611282	0.564862577157757	-0.8067073200662089	6.130143642425537	0.0	0.0	0.0	1.0
-0.9848078144093433	-0.09960030567657968	0.14224397276308084	3.1676530838012695	1.3699828216306997e-09	0.8191520298673678	0.5735764569472591	0.9644747972488403	-0.17364782946611282	0.564862577157757	-0.8067073200662089	6.130143642425537	0.0	0.0	0.0	1.0
-0.9848078144093433	-0.09960030567657968	0.14224397276308084	3.1329236030578613	1.3699828216306997e-09	0.8191520298673678	0.5735764569472591	0.9644747972488403	-0.17364782946611282	0.564862577157757	-0.8067073200662089	6.130143642425537	0.0	0.0	0.0	1.0
-0.9848078144093433	-0.09960030567657968	0.14224397276308084	3.098194122314453	1.3699828216306997e-09	0.8191520298673678	0.5735764569472591	0.9644747972488403	-0.17364782946611282	0.564862577157757	-0.8067073200662089	6.130143642425537	0.0	0.0	0.0	1.0
-0.9848078144093433	-0.09960030567657968	0.14224397276308084	3.0760302543640137	1.3699828216306997e-09	0.8191520298673678	0.5735764569472591	0.9644747972488403	-0.17364782946611282	0.564862577157757	-0.8067073200662089	6.130143642425537	0.0	0.0	0.0	1.0
-0.9848078144093433	-0.09960030567657968	0.14224397276308084	3.0760302543640137	1.3699828216306997e-09	0.8191520298673678	0.5735764569472591	0.9644747972488403	-0.17364782946611282	0.564862577157757	-0.8067073200662089	6.130143642425537	0.0	0.0	0.0	1.0
-0.9848078144093433	-0.09960030567657968	0.14224397276308084	3.0760302543640137	1.3699828216306997e-09	0.8191520298673678	0.5735764569472591	0.9644747972488403	-0.17364782946611282	0.564862577157757	-0.8067073200662089	6.130143642425537	0.0	0.0	0.0	1.0
-0.9848078144093433	-0.09960030567657968	0.14224397276308084	3.0760302543640137	1.3699828216306997e-09	0.8191520298673678	0.5735764569472591	0.9644747972488403	-0.17364782946611282	0.564862577157757	-0.8067073200662089	6.130143642425537	0.0	0.0	0.0	1.0
-0.9848078144093433	-0.09960030567657968	0.14224397276308084	3.0760302543640137	1.3699828216306997e-09	0.8191520298673678	0.5735764569472591	0.9644747972488403	-0.17364782946611282	0.564862577157757	-0.8067073200662089	6.130143642425537	0.0	0.0	0.0	1.0
-0.9848078144093433	-0.09960030567657968	0.14224397276308084	3.0760302543640137	1.3699828216306997e-09	0.8191520298673678	0.5735764569472591	0.9644747972488403	-0.17364782946611282	0.564862577157757	-0.8067073200662089	6.130143642425537	0.0	0.0	0.0	1.0
-0.9848078144093433	-0.09960030567657968	0.14224397276308084	3.0760302543640137	1.3699828216306997e-09	0.8191520298673678	0.5735764569472591	0.9644747972488403	-0.17364782946611282	0.564862577157757	-0.8067073200662089	6.130143642425537	0.0	0.0	0.0	1.0
-0.9848078144093433	-0.09960030567657968	0.14224397276308084	3.0760302543640137	1.3699828216306997e-09	0.8191520298673678	0.5735764569472591	0.9644747972488403	-0.17364782946611282	0.564862577157757	-0.8067073200662089	6.130143642425537	0.0	0.0	0.0	1.0
-0.9848078144093433	-0.09960030567657968	0.14224397276308084	3.0760302543640137	1.3699828216306997e-09	0.8191520298673678	0.5735764569472591	0.9644747972488403	-0.17364782946611282	0.564862577157757	-0.8067073200662089	6.130143642425537	0.0	0.0	0.0	1.0
-0.9961947287198899	-0.04999028078565497	0.0713935171964261	3.0760302543640137	1.5392704368066834e-09	0.8191520241412195	0.5735764651250462	0.9644747972488403	-0.08715539266565787	0.5713938511852527	-0.8160349283927623	6.130143642425537	0.0	0.0	0.0	1.0
-0.999999999999938	2.016447763237248e-07	-2.8797857509792276e-07	3.0760302543640137	9.393416449340083e-16	0.8191520362026037	0.5735764478996047	0.9644747972488403	3.5155693071546034e-07	0.5735764478995692	-0.8191520362025531	6.130143642425537	0.0	0.0	0.0	1.0
-0.9961946675243293	0.04999068124640293	-0.07139409068411497	3.0760302543640137	-2.44007958977166e-09	0.8191520241637785	0.5735764650928281	0.9644747972488403	0.08715609213411928	0.5713938161171372	-0.8160348782417354	6.130143642425537	0.0	0.0	0.0	1.0
-0.9848076953875158	0.09960069431546222	-0.14224452466583104	3.0760302543640137	4.2592254723139433e-10	0.819152029777247	0.5735764570759655	0.9644747972488403	0.1736485044724842	0.5648625087609326	-0.8067072226593581	6.130143642425537	0.0	0.0	0.0	1.0
-0.9659257404427083	0.14845269654567353	-0.2120124072749621	3.0760302543640137	1.5685370224893802e-09	0.8191520280812797	0.5735764594980575	0.9644747972488403	0.25881936548528633	0.5540322660086188	-0.7912400294924097	6.130143642425537	0.0	0.0	0.0	1.0
-0.9396925075697119	0.1961748716365781	-0.2801667556219313	3.0760302543640137	3.970049081147842e-09	0.819152054124826	0.5735764223040187	0.9644747972488403	0.3420204543844517	0.5389854654454516	-0.769751048600262	6.130143642425537	0.0	0.0	0.0	1.0
-0.9063076483228012	0.2424040521416972	-0.346188853224478	3.0760302543640137	-7.624261014194111e-09	0.819152026606375	0.5735764616044393	0.9644747972488403	0.42261855921338076	0.5198367366894671	-0.7424037450043286	6.130143642425537	0.0	0.0	0.0	1.0
-0.8660252580275988	0.2867883619189145	-0.40957622968880486	3.0760302543640137	-8.232524106865924e-10	0.8191520449564907	0.5735764353977586	0.9644747972488403	0.5000002524581671	0.4967316808010789	-0.7094063608611808	6.130143642425537	0.0	0.0	0.0	1.0
-0.8191518791150054	0.3289900563779972	-0.4698465087097677	3.0760302543640137	-3.784167035281172e-09	0.8191520500541241	0.5735764281175839	0.9644747972488403	0.5735766722438732	0.46984621068656934	-0.6710099398377913	6.130143642425537	0.0	0.0	0.0	1.0
-0.766044276750622	0.3686879421715247	-0.5265409455635367	3.0760302543640137	-9.95050752905513e-09	0.8191520353587763	0.5735764491047153	0.9644747972488403	0.6427878079565735	0.43938496135496113	-0.6275067248065814	6.130143642425537	0.0	0.0	0.0	1.0
-0.7071066068022985	0.40557989287873764	-0.5792281045572731	3.0760302543640137	1.7337081464896542e-08	0.8191520491002767	0.5735764294798187	0.9644747972488403	0.7071069555707532	0.40557967274912765	-0.5792278329260182	6.130143642425537	0.0	0.0	0.0	1.0
-0.6427873526906078	0.4393851749954565	-0.6275070415662379	3.0760302543640137	2.3908124924254537e-09	0.8191520367234131	0.5735764471558122	0.9644747972488403	0.766044658764096	0.3686876845327172	-0.5265405701870498	6.130143642425537	0.0	0.0	0.0	1.0
-0.5735761867136794	0.46984642386727277	-0.671010205596107	3.0760302543640137	-1.818119688135056e-08	0.8191520256914465	0.5735764629110925	0.9644747972488403	0.8191522190869011	0.32898981258503324	-0.46984608669251526	6.130143642425537	0.0	0.0	0.0	1.0
-0.49999967895206937	0.4967318710466016	-0.7094066318652301	3.0760302543640137	-1.3310171520508618e-08	0.8191520400122356	0.573576442458887	0.9644747972488403	0.8660255891414685	0.2867880465262374	-0.409575750407464	6.130143642425537	0.0	0.0	0.0	1.0
-0.42261786429761933	0.5198368960519255	-0.7424040290028191	3.0760302543640137	-1.2688755657297435e-08	0.8191520416485394	0.5735764401220029	0.9644747972488403	0.9063079723672958	0.24240365955597548	-0.3461882797804568	6.130143642425537	0.0	0.0	0.0	1.0
-0.34201974887310355	0.5389856395052822	-0.7697512401989755	3.0760302543640137	-3.027621064966013e-08	0.8191520286825518	0.5735764586393506	0.9644747972488403	0.9396927643548065	0.19617449964850547	-0.280166154820457	6.130143642425537	0.0	0.0	0.0	1.0
-0.25881864839741003	0.5540323608829296	-0.7912401976241001	3.0760302543640137	-8.93150781111629e-09	0.8191520380657327	0.5735764452387813	0.9644747972488403	0.965925932585795	0.14845228737626043	-0.21201181837581223	6.130143642425537	0.0	0.0	0.0	1.0
-0.1736478535595563	0.5648625678943912	-0.8067073213662519	3.0760302543640137	3.162887585173024e-08	0.8191520377814544	0.5735764456447716	0.9644747972488403	0.9848078101610274	0.09960029312328844	-0.14224401096565426	6.130143642425537	0.0	0.0	0.0	1.0
-0.08715536794115142	0.5713938458579539	-0.8160349347636409	3.0760302543640137	1.1186492954173843e-08	0.8191520292418628	0.573576457840573	0.9644747972488403	0.9961947308829948	0.04999025809690838	-0.07139350290020852	6.130143642425537	0.0	0.0	0.0	1.0
3.4691689276833415e-07	0.573576431528372	-0.8191520476657911	3.0760302543640137	-2.099808421585081e-08	0.8191520476658444	0.5735764315284004	0.9644747972488403	0.9999999999999397	-1.817827297023733e-07	2.962216892887781e-07	6.130143642425537	0.0	0.0	0.0	1.0
0.08715607109040502	0.5713938106372426	-0.8160348843263597	3.0760302543640137	-1.2984797903570211e-08	0.8191520292868998	0.5735764577762531	0.9644747972488403	0.9961946693654228	-0.04999065993368168	0.07139407991781166	6.130143642425537	0.0	0.0	0.0	1.0
0.17364847471657863	0.5648625240758184	-0.8067072183408929	3.0760302543640137	-1.0380085346817225e-08	0.8191520221208394	0.5735764680104471	0.9644747972488403	0.984807700634294	-0.0996006704296469	0.14224450506560604	6.130143642425537	0.0	0.0	0.0	1.0
0.2588193249930513	0.5540322570898704	-0.7912400489826366	3.0760302543640137	7.146893854503844e-09	0.819152038200492	0.5735764450463248	0.9644747972488403	0.9659257512925832	-0.1484526739937124	0.21201237363412379	6.130143642425537	0.0	0.0	0.0	1.0
0.34202036005240366	0.5389855107719952	-0.7697510587764564	3.0760302543640137	1.4635850809074924e-08	0.8191520327976316	0.573576452762409	0.9644747972488403	0.9396925419037996	-0.19617483615734124	0.28016666530659273	6.130143642425537	0.0	0.0	0.0	1.0
0.4226184680954621	0.519836759051225	-0.7424037812159658	3.0760302543640137	2.7919537293197294e-08	0.8191520186518088	0.5735764729647356	0.9644747972488403	0.9063076908118148	-0.24240403106752484	0.346188756746331	6.130143642425537	0.0	0.0	0.0	1.0
0.5000002671164675	0.49673170845975567	-0.7094063311629757	3.0760302543640137	1.167954455372211e-09	0.8191520180094782	0.5735764738820792	0.9644747972488403	0.8660252495646192	-0.2867883909813154	0.40957622723357245	6.130143642425537	0.0	0.0	0.0	1.0
0.5735766903054265	0.4698462092932627	-0.6710099253744497	3.0760302543640137	1.9509397264361183e-08	0.8191520356892599	0.5735764486327355	0.9644747972488403	0.8191518664681614	-0.3289900941349041	0.4698465043211819	6.130143642425537	0.0	0.0	0.0	1.0
0.5735766919317242	0.5265406924288224	-0.6275067152542965	3.0760302543640137	-1.3069905602236531e-08	0.7660444254993758	0.6427876306847633	0.9644747972488403	0.8191518653294151	-0.3686879946213438	0.43938523433250715	6.130143642425537	0.0	0.0	0.0	1.0
0.5735767059064772	0.5792278275750691	-0.579227836178598	3.0760302543640137	3.5762864891708546e-10	0.7071067862609638	0.7071067761121314	0.9644747972488403	0.8191518555441809	-0.40557997557369363	0.4055799809805306	6.130143642425537	0.0	0.0	0.0	1.0
0.5735766972673273	0.6275067151429164	-0.5265406867493256	3.0760302543640137	4.1365554315220265e-09	0.6427876314748006	0.7660444248364556	0.9644747972488403	0.8191518615933828	-0.43938523333580826	0.36868800410988767	6.130143642425537	0.0	0.0	0.0	1.0
0.5735767241584628	0.671009913065177	-0.46984618554576985	3.0760302543640137	-1.0734087674268977e-08	0.5735764312069204	0.8191520478909471	0.9644747972488403	0.8191518427639934	-0.4698465431736156	0.32899009766884657	6.130143642425537	0.0	0.0	0.0	1.0
0.5735767280704667	0.709406334195265	-0.4095758660121642	3.0760302543640137	-1.4776266044069786e-08	0.49999994303818013	0.8660254366713583	0.9644747972488403	0.819151840024777	-0.4967320303397528	0.2867883418456358	6.130143642425537	0.0	0.0	0.0	1.0
0.57357672366287	0.7424037274965933	-0.346188456583017	3.0760302543640137	-2.163738427318762e-08	0.4226181882423181	0.906307821309504	0.9644747972488403	0.8191518431110113	-0.5198370632861266	0.24240397183604162	6.130143642425537	0.0	0.0	0.0	1.0
0.573576689262	0.769750988110419	-0.2801663752813263	3.0760302543640137	-8.967335707321666e-09	0.34202007140955104	0.9396926469612314	0.9644747972488403	0.8191518671987772	-0.5389857948555226	0.1961747471228586	6.130143642425537	0.0	0.0	0.0	1.0
0.6427878404871147	0.7198461583053031	-0.26200248184894775	3.0760302543640137	-3.67664866884887e-08	0.34202006508555105	0.939692649262978	0.9644747972488403	0.7660442494542403	-0.6040229991084545	0.21984636550581793	6.130143642425537	0.0	0.0	0.0	1.0
0.7071069945474298	0.6644628442443873	-0.24184463376465462	3.0760302543640137	-2.2484428097158116e-08	0.3420200853860242	0.9396926418742119	0.9644747972488403	0.7071065678256003	-0.6644632343562701	0.24184480959223392	6.130143642425537	0.0	0.0	0.0	1.0
