1.0	0.0	0.0	-4.173593044281006	0.0	1.0	0.0	1.5246751308441162	0.0	0.0	1.0	-3.4648935794830322	0.0	0.0	0.0	1.0
1.0	0.0	0.0	-4.173593044281006	0.0	1.0	0.0	1.545333743095398	0.0	0.0	1.0	-3.664893627166748	0.0	0.0	0.0	1.0
0.9999999999999999	-0.0	0.0	-4.173593044281006	0.0	0.9961946982682389	0.08715574073032861	1.545333743095398	-0.0	-0.08715574073032861	0.9961946982682389	-3.664893627166748	0.0	0.0	0.0	1.0
1.0000000000000002	-0.0	0.0	-4.173593044281006	0.0	0.9848077531002408	0.17364817716767306	1.545333743095398	-0.0	-0.17364817716767306	0.9848077531002408	-3.664893627166748	0.0	0.0	0.0	1.0
0.9999999999999999	-0.0	0.0	-4.173593044281006	0.0	0.9659258316218277	0.25881902520039096	1.545333743095398	-0.0	-0.25881902520039096	0.9659258316218277	-3.664893627166748	0.0	0.0	0.0	1.0
1.0	-0.0	0.0	-4.173593044281006	0.0	0.93969262448596	0.3420201331598604	1.545333743095398	-0.0	-0.3420201331598604	0.93969262448596	-3.664893627166748	0.0	0.0	0.0	1.0
1.0000000000000002	-0.0	0.0	-4.173593044281006	0.0	0.9063077933127555	0.4226182482815481	1.545333743095398	-0.0	-0.4226182482815481	0.9063077933127555	-3.664893627166748	0.0	0.0	0.0	1.0
1.0	-0.0	0.0	-4.173593044281006	0.0	0.8660253883290534	0.5000000267695114	1.545333743095398	-0.0	-0.5000000267695114	0.8660253883290534	-3.664893627166748	0.0	0.0	0.0	1.0
1.0	-0.0	0.0	-4.173593044281006	0.0	0.8191520362026039	0.5735764478996047	1.545333743095398	-0.0	-0.5735764478996047	0.8191520362026039	-3.664893627166748	0.0	0.0	0.0	1.0
0.9961946980977856	-0.049990481902795564	0.07139380365961745	-4.173593044281006	-1.1023023431533385e-09	0.8191520241302764	0.5735764651406741	1.545333743095398	-0.0871557426786195	-0.5713938336055064	0.8160349033195462	-3.664893627166748	0.0	0.0	0.0	1.0
0.9848077522462949	-0.09960050786610572	0.1422442615658513	-4.173593044281006	-1.396492026184415e-09	0.8191520298686983	0.5735764569453593	1.545333743095398	-0.17364818201064042	-0.5648625415043959	0.8067072691438911	-3.664893627166748	0.0	0.0	0.0	1.0
0.9659258329412849	-0.1484524956779841	0.21201212650144174	-4.173593044281006	-1.927556503300565e-09	0.8191520283452794	0.5735764591210266	1.545333743095398	-0.2588190202761096	-0.5540323194406558	0.7912401049988064	-3.664893627166748	0.0	0.0	0.0	1.0
0.9396926234435813	-0.19617468830524099	0.280166495345288	-4.173593044281006	3.082353358663248e-09	0.8191520542146054	0.5735764221758006	1.545333743095398	-0.3420201360237723	-0.5389855320361892	0.7697511434288009	-3.664893627166748	0.0	0.0	0.0	1.0
0.9063077874003065	-0.24240387474911124	0.3461886133369757	-4.173593044281006	-8.914588123243306e-09	0.8191520354936259	0.5735764489121302	1.545333743095398	-0.42261826096083543	-0.5198368054046065	0.7424038666717547	-3.664893627166748	0.0	0.0	0.0	1.0
0.8660253956983279	-0.2867882301037096	0.40957603088991484	-4.173593044281006	-5.643487815953918e-09	0.8191520332278733	0.5735764521479602	1.545333743095398	-0.5000000140055545	-0.49673177624611753	0.7094064620947729	-3.664893627166748	0.0	0.0	0.0	1.0
0.8191520360061011	-0.3289899446326905	0.46984631342348365	-4.173593044281006	4.0619827779142526e-09	0.8191520360061011	0.5735764481802397	1.545333743095398	-0.5735764481802397	-0.46984631342348365	0.6710100594292923	-3.664893627166748	0.0	0.0	0.0	1.0
0.7660444155803237	-0.3686878348623417	0.5265408187241692	-4.173593044281006	-5.802290869993953e-10	0.8191520552830966	0.5735764206498364	1.545333743095398	-0.6427876425058278	-0.43938501425287213	0.6275068572468375	-3.664893627166748	0.0	0.0	0.0	1.0
0.7071068129752333	-0.4055797671584407	0.579227940896944	-4.173593044281006	8.22474835460163e-09	0.8191520512652151	0.5735764263879666	1.545333743095398	-0.7071067493978603	-0.4055797940969144	0.5792279996480626	-3.664893627166748	0.0	0.0	0.0	1.0
0.642787611298803	-0.4393850610284086	0.6275068564612191	-4.173593044281006	-2.5427975003378123e-09	0.8191520247532806	0.5735764642509323	1.545333743095398	-0.7660444417661284	-0.36868784694869283	0.5265407721644718	-3.664893627166748	0.0	0.0	0.0	1.0
0.5735764557719142	-0.46984630540813765	0.6710100585523677	-4.173593044281006	2.228126627645821e-09	0.8191520427775719	0.5735764385095771	1.545333743095398	-0.819152030690353	-0.32898993921950515	0.4698463264815602	-3.664893627166748	0.0	0.0	0.0	1.0
0.49999993415466715	-0.49673179432110764	0.709406505718591	-4.173593044281006	-9.956417579282117e-09	0.8191520348276659	0.5735764498632194	1.545333743095398	-0.8660254418002558	-0.28678819422742485	0.4095759585308254	-3.664893627166748	0.0	0.0	0.0	1.0
0.42261817125827217	-0.5198368176742335	0.7424039091442332	-4.173593044281006	7.811590818640468e-09	0.8191520442553373	0.573576436399109	1.545333743095398	-0.9063078292292928	-0.2424038188284727	0.34618854298641855	-3.664893627166748	0.0	0.0	0.0	1.0
0.34202000380721875	-0.5389855927590375	0.7697511596573916	-4.173593044281006	-1.3855330494028095e-08	0.8191520272858559	0.5735764606340399	1.545333743095398	-0.9396926715664595	-0.19617463391494208	0.28016637202317585	-3.664893627166748	0.0	0.0	0.0	1.0
0.2588189640269112	-0.5540323202661155	0.7912401228202353	-4.173593044281006	-6.786274819869931e-09	0.8191520326744336	0.5735764529383538	1.545333743095398	-0.9659258480132087	-0.148452468709308	0.21201207671751987	-3.664893627166748	0.0	0.0	0.0	1.0
0.17364821201268393	-0.5648625452367848	0.8067072600723385	-4.173593044281006	-5.766081945246526e-09	0.8191520243331052	0.573576464851005	1.545333743095398	-0.9848077469561246	-0.09960053222547324	0.1422442811349705	-3.664893627166748	0.0	0.0	0.0	1.0
0.08715580837084369	-0.5713938189621414	0.8160349065567506	-4.173593044281006	-2.9777615928594514e-09	0.819152031901021	0.5735764540429016	1.545333743095398	-0.9961946923504587	-0.04999052194454856	0.07139385581747804	-3.664893627166748	0.0	0.0	0.0	1.0
8.672921941732525e-08	-0.5735764272282459	0.8191520506768407	-4.173593044281006	5.249520595995705e-09	0.8191520506768439	0.5735764272282478	1.545333743095398	-0.9999999999999963	-4.5445680274536215e-08	7.405541918581449e-08	-3.664893627166748	0.0	0.0	0.0	1.0
-0.0871556357369272	-0.5713938272500174	0.8160349191914945	-4.173593044281006	1.3466813164608737e-08	0.8191520316383452	0.5735764544180411	1.545333743095398	-0.9961947074539653	0.04999043151792687	-0.07139370838778153	-3.664893627166748	0.0	0.0	0.0	1.0
-0.17364804183949406	-0.5648625616980205	0.8067072851767602	-4.173593044281006	1.6225175591966234e-08	0.819152023808253	0.5735764656005705	1.545333743095398	-0.9848077769622398	0.09960044318572445	-0.14224413573816747	-3.664893627166748	0.0	0.0	0.0	1.0
-0.17364804958882363	-0.49240391387896143	0.8528685364525285	-4.173593044281006	-1.731457338616238e-09	0.8660253886468968	0.5000000262189908	1.545333743095398	-0.9848077755958254	0.08682402787058291	-0.15038362048551301	-3.664893627166748	0.0	0.0	0.0	1.0
-0.17364808076609717	-0.4161977634227278	0.8925389435583022	-4.173593044281006	-1.7282711983757082e-08	0.9063077809971116	0.4226182746925305	1.545333743095398	-0.9848077700984343	0.07338683687154368	-0.15737861394655495	-3.664893627166748	0.0	0.0	0.0	1.0
-0.1736480513836563	-0.33682412249346516	0.9254165898432802	-4.173593044281006	1.1354702456056742e-09	0.9396926110918875	0.3420201699597708	1.545333743095398	-0.984807775279348	0.05939113709820418	-0.16317579043327252	-3.664893627166748	0.0	0.0	0.0	1.0
-0.17364805558763624	-0.2548870700385409	0.9512512466839668	-4.173593044281006	1.081877532005393e-09	0.9659258093098728	0.25881910846973244	1.545333743095398	-0.9848077745380736	0.04494343596383191	-0.16773113835281678	-3.664893627166748	0.0	0.0	0.0	1.0
-0.17364804175030363	-0.17101015059567148	0.9698463208104319	-4.173593044281006	5.066011429799566e-09	0.9848077394695183	0.17364825447132493	1.545333743095398	-0.9848077769779672	0.03015368425555652	-0.17100993459308572	-3.664893627166748	0.0	0.0	0.0	1.0
-0.17364805423475815	-0.08583172109846807	0.9810602779206572	-4.173593044281006	-1.387745258984996e-09	0.9961946920699195	0.08715581157741617	1.545333743095398	-0.9848077747766222	0.01513443573420778	-0.1729872700360483	-3.664893627166748	0.0	0.0	0.0	1.0
-0.17364805423475815	-0.08583172109846807	0.9810602779206572	-4.370554447174072	-1.387745258984996e-09	0.9961946920699195	0.08715581157741617	1.5246751308441162	-0.9848077747766222	0.01513443573420778	-0.1729872700360483	-3.6301639080047607	0.0	0.0	0.0	1.0
-0.17364805423475815	-0.08583172109846807	0.9810602779206572	-4.567515850067139	-1.387745258984996e-09	0.9961946920699195	0.08715581157741617	1.5246751308441162	-0.9848077747766222	0.01513443573420778	-0.1729872700360483	-3.5954341888427734	0.0	0.0	0.0	1.0
-0.17364805423475815	-0.08583172109846807	0.9810602779206572	-4.764477252960205	-1.387745258984996e-09	0.9961946920699195	0.08715581157741617	1.5246751308441162	-0.9848077747766222	0.01513443573420778	-0.1729872700360483	-3.560704469680786	0.0	0.0	0.0	1.0
-0.17364805423475815	-0.08583172109846807	0.9810602779206572	-4.9614386558532715	-1.387745258984996e-09	0.9961946920699195	0.08715581157741617	1.5246751308441162	-0.9848077747766222	0.01513443573420778	-0.1729872700360483	-3.525974750518799	0.0	0.0	0.0	1.0
-0.17364805423475815	-0.08583172109846807	0.9810602779206572	-5.158400058746338	-1.387745258984996e-09	0.9961946920699195	0.08715581157741617	1.5246751308441162	-0.9848077747766222	0.01513443573420778	-0.1729872700360483	-3.4912450313568115	0.0	0.0	0.0	1.0
-0.17364805423475815	-0.08583172109846807	0.9810602779206572	-5.355361461639404	-1.387745258984996e-09	0.9961946920699195	0.08715581157741617	1.5246751308441162	-0.9848077747766222	0.01513443573420778	-0.1729872700360483	-3.456515312194824	0.0	0.0	0.0	1.0
-0.08715563343043492	-0.0868241612370668	0.992403879772152	-5.355361461639404	-1.0787512202958816e-09	0.9961946918144833	0.08715581449706725	1.5246751308441162	-0.9961947076557575	0.0075961191490804825	-0.08682397947879	-3.456515312194824	0.0	0.0	0.0	1.0
8.444326682344183e-08	-0.08715581420023519	0.9961946918404488	-5.355361461639404	-1.5864992305991699e-09	0.9961946918404524	0.08715581420023563	1.5246751308441162	-0.9999999999999963	-8.940183794658996e-09	8.398366158068882e-08	-3.456515312194824	0.0	0.0	0.0	1.0
0.08715580139482637	-0.08682416255195292	0.9924038649060057	-5.355361461639404	6.52730702821458e-10	0.996194691583278	0.08715581713975087	1.5246751308441162	-0.9961946929607816	-0.007596134441263461	0.08682414674688532	-3.456515312194824	0.0	0.0	0.0	1.0
0.17364821980003403	-0.08583172111875453	0.9810602486137493	-5.355361461639404	1.0778425305058015e-09	0.996194691837315	0.08715581423609653	1.5246751308441162	-0.9848077455830043	-0.015134450929892171	0.1729874349043064	-3.456515312194824	0.0	0.0	0.0	1.0
0.25881904355784097	-0.08418605551758229	0.9622501809551376	-5.355361461639404	2.0663158892264555e-09	0.9961946915595357	0.08715581741112705	1.5246751308441162	-0.965925826702964	-0.022557583314536882	0.25783415744079236	-3.456515312194824	0.0	0.0	0.0	1.0
0.34202009759206226	-0.0818996776134009	0.9361168173096441	-5.355361461639404	-8.577325655290124e-10	0.9961946917480631	0.08715581525625146	1.5246751308441162	-0.9396926374315788	-0.029809041242596746	0.3407186056221189	-3.456515312194824	0.0	0.0	0.0	1.0
0.42261824959181443	-0.07898999532189924	0.902859012111524	-5.355361461639404	3.6009059831143553e-09	0.9961946918195104	0.08715581443960316	1.5246751308441162	-0.9063077927017679	-0.03683363448910365	0.42101005719385404	-3.456515312194824	0.0	0.0	0.0	1.0
0.4999999706893081	-0.07547915103989622	0.8627299270739295	-5.355361461639404	2.1112712272897127e-10	0.9961946918126796	0.08715581451768181	1.5246751308441162	-0.866025420706974	-0.043577904522097984	0.4980973167231198	-3.456515312194824	0.0	0.0	0.0	1.0
0.5735763699064934	-0.0713938675532126	0.8160349646679875	-5.355361461639404	-4.1547294771238086e-09	0.9961946915736044	0.0871558172503195	1.5246751308441162	-0.8191520908139643	-0.04999052066507652	0.5713937346162847	-3.456515312194824	0.0	0.0	0.0	1.0
0.6427875453564569	-0.06676523350018493	0.7631294615792832	-5.355361461639404	-2.2026569804212137e-09	0.9961946914918399	0.0871558181848911	1.5246751308441162	-0.7660444970983218	-0.05602267611551223	0.6403415402941117	-3.456515312194824	0.0	0.0	0.0	1.0
0.7071066977786377	-0.061628476036809446	0.7044161049393821	-5.355361461639404	-1.973569595942193e-09	0.9961946914795734	0.087155818325098	1.5246751308441162	-0.7071068645944475	-0.06162846427826913	0.7044159385151019	-3.456515312194824	0.0	0.0	0.0	1.0
0.7660443915975403	-0.056022685473859496	0.6403416656865701	-5.355361461639404	-6.384958187166667e-11	0.9961946914741727	0.08715581838682808	1.5246751308441162	-0.6427876710873928	-0.066765225911209	0.7631293563394551	-3.456515312194824	0.0	0.0	0.0	1.0
0.8191519914825058	-0.04999052654829822	0.5713938765034751	-5.355361461639404	-6.549039262282452e-10	0.996194691963457	0.08715581279428701	1.5246751308441162	-0.5735765117665163	-0.07139385799392477	0.8160348657934283	-3.456515312194824	0.0	0.0	0.0	1.0
0.8660253682027279	-0.043577914609643664	0.49809740712796713	-5.355361461639404	1.6971724060843574e-09	0.9961946917225226	0.0871558155481764	1.5246751308441162	-0.5000000616293254	-0.07547914640576135	0.8627298747745601	-3.456515312194824	0.0	0.0	0.0	1.0
0.9063077565022434	-0.036833643930626284	0.42101013429448664	-5.355361461639404	-7.73415376881248e-10	0.9961946917940928	0.08715581473012653	1.5246751308441162	-0.4226183272219389	-0.07898999123980187	0.9028589761308605	-3.456515312194824	0.0	0.0	0.0	1.0
0.9396925876005111	-0.02980905158284149	0.3407187421501602	-5.355361461639404	-6.803557370260727e-10	0.9961946917870478	0.0871558148106537	1.5246751308441162	-0.34202023450178476	-0.08189967337566408	0.9361167676589838	-3.456515312194824	0.0	0.0	0.0	1.0
0.9659257951619191	-0.022557594714003367	0.2578342746058662	-5.355361461639404	6.62227515879632e-10	0.9961946920616549	0.08715581167188345	1.5246751308441162	-0.2588191612705954	-0.08418604652140153	0.9622501500806754	-3.456515312194824	0.0	0.0	0.0	1.0
0.9848077312775863	-0.015134459153407633	0.1729875156247615	-5.355361461639404	1.7155325250650666e-10	0.9961946918741797	0.08715581381472941	1.5246751308441162	-0.17364830093005018	-0.08583171924085882	0.9810602344179815	-3.456515312194824	0.0	0.0	0.0	1.0
0.9848077310088315	-0.030153723674128323	0.1710101923682354	-5.355361461639404	9.50555693185473e-10	0.9848077413590746	0.17364824375512042	1.5246751308441162	-0.17364830245423235	-0.17101013276359397	0.9698462772764254	-3.456515312194824	0.0	0.0	0.0	1.0
0.9848077283686497	-0.04494350249915602	0.16773139160123732	-5.355361461639404	-2.2556948600649385e-09	0.9659258063147207	0.2588191196477883	1.5246751308441162	-0.1736483174274351	-0.25488706965706304	0.9512511989880779	-3.456515312194824	0.0	0.0	0.0	1.0
0.9848077293592273	-0.05939122879339827	0.16317603419844773	-5.355361461639404	-1.2600440829624304e-10	0.9396926031444947	0.34202019179505044	1.5246751308441162	-0.17364831180959622	-0.336824128497252	0.9254165387909078	-3.456515312194824	0.0	0.0	0.0	1.0
0.9848077288500587	-0.0733869568179431	0.15737881612908053	-5.355361461639404	1.0344010648033475e-09	0.9063077682843927	0.42261830195504296	1.5246751308441162	-0.17364831469723394	-0.41619776995602126	0.8925388949992294	-3.456515312194824	0.0	0.0	0.0	1.0
0.9848077288370636	-0.08682416997455403	0.15038384464766763	-5.355361461639404	-3.353015635976231e-09	0.866025352419974	0.5000000889658514	1.5246751308441162	-0.17364831477093023	-0.49240395253702934	0.8528684601409097	-3.456515312194824	0.0	0.0	0.0	1.0
0.9848077305248815	-0.09960058812128574	0.14224435575560315	-5.355361461639404	4.1076733681144617e-10	0.819151997047957	0.57357650381823	1.5246751308441162	-0.17364830519884897	-0.5648625749491977	0.8067072192086356	-3.456515312194824	0.0	0.0	0.0	1.0
0.9848077288124771	-0.11161899382793374	0.13302231951086424	-5.355361461639404	-1.3959739614266553e-09	0.7660443966636982	0.6427876650497821	1.5246751308441162	-0.17364831491036925	-0.6330222607120468	0.7544064422920836	-3.456515312194824	0.0	0.0	0.0	1.0
0.9848077305248815	-0.09960058812128574	0.14224435575560315	-5.355361461639404	4.1076733681144617e-10	0.819151997047957	0.57357650381823	1.5246751308441162	-0.17364830519884897	-0.5648625749491977	0.8067072192086356	-3.456515312194824	0.0	0.0	0.0	1.0
0.9848077288370636	-0.08682416997455403	0.15038384464766763	-5.355361461639404	-3.353015635976231e-09	0.866025352419974	0.5000000889658514	1.5246751308441162	-0.17364831477093023	-0.49240395253702934	0.8528684601409097	-3.456515312194824	0.0	0.0	0.0	1.0
0.9848077289476819	-0.0733869588822445	0.1573788145555965	-5.355361461639404	-1.501474479470577e-09	0.9063077560347301	0.4226183282245248	1.5246751308441162	-0.17364831414358467	-0.4161977962667605	0.8925388828380437	-3.456515312194824	0.0	0.0	0.0	1.0
0.9848077301433931	-0.05939123551086178	0.16317602702085687	-5.355361461639404	-8.307532439744136e-11	0.9396925859596976	0.34202023900988154	1.5246751308441162	-0.17364830736237558	-0.3368241752559781	0.9254165226066111	-3.456515312194824	0.0	0.0	0.0	1.0
0.9848077283602231	-0.04494351281746609	0.16773138888592906	-5.355361461639404	-1.8870951745686426e-09	0.9659257909531065	0.25881917697808887	1.5246751308441162	-0.17364831747522494	-0.2548871260523794	0.9512511838682681	-3.456515312194824	0.0	0.0	0.0	1.0
0.9848077310032047	-0.030153734237410003	0.17101019053804556	-5.355361461639404	1.3209217140236484e-09	0.9848077310032047	0.17364830248614294	1.5246751308441162	-0.17364830248614294	-0.17101019053804556	0.9698462670835114	-3.456515312194824	0.0	0.0	0.0	1.0
0.9848077312747702	-0.015134469865206637	0.1729875147036309	-5.355361461639404	5.42980212007993e-10	0.9961946866615744	0.08715587339501213	1.5246751308441162	-0.1736483009460207	-0.08583177785148421	0.9810602292873835	-3.456515312194824	0.0	0.0	0.0	1.0
0.9848077299008152	-2.3288053221328846e-08	0.1736483087381002	-5.355361461639404	-4.4219988631759965e-17	0.9999999999999911	1.3411045252390176e-07	1.5246751308441162	-0.17364830873810175	-1.3207301031371348e-07	0.9848077299008065	-3.456515312194824	0.0	0.0	0.0	1.0
0.9848077312769011	0.015134423052373369	0.17298751878709118	-5.355361461639404	-2.619021683553102e-10	0.996194710107669	-0.08715560540491264	1.5246751308441162	-0.17364830093393496	0.08583151398157106	0.9810602523751477	-3.456515312194824	0.0	0.0	0.0	1.0
0.9848077310004426	0.030153688550710694	0.17101019860975297	-5.355361461639404	-1.5027707654657885e-09	0.9848077775765092	-0.1736480383558	1.5246751308441162	-0.17364830250181085	0.17100993038886408	0.9698463129520244	-3.456515312194824	0.0	0.0	0.0	1.0
0.9848077283350569	0.04494346914316427	0.16773140073618237	-5.355361461639404	7.862698825356063e-10	0.9659258600178591	-0.2588189192249263	1.5246751308441162	-0.17364831761794974	0.25488687202391647	0.9512512519089364	-3.456515312194824	0.0	0.0	0.0	1.0
0.9961946868253497	0.022557587928427176	0.08418611030208428	-5.355361461639404	-7.993134210071418e-10	0.965925864052707	-0.25881890416666153	1.5246751308441162	-0.0871558715230559	0.2578340171134965	0.9622502136545223	-3.456515312194824	0.0	0.0	0.0	1.0
0.9999999999999915	3.471032028777303e-08	1.2954075552474768e-07	-5.355361461639404	1.2283713788769757e-15	0.9659258622114959	-0.2588189110381601	1.5246751308441162	-1.3411045327043764e-07	0.2588189110381578	0.9659258622114872	-3.456515312194824	0.0	0.0	0.0	1.0
0.9961947103825062	-0.02255751816402702	-0.08418585023740091	-5.355361461639404	7.21731273703452e-10	0.9659258640535836	-0.25881890416338954	1.5246751308441162	0.0871556022635063	0.25783402321380594	0.9622502364081124	-3.456515312194824	0.0	0.0	0.0	1.0
0.9848077751360345	-0.044943400372330855	-0.16773114437869457	-5.355361461639404	-8.636283528595801e-10	0.9659258600196111	-0.2588189192183891	1.5246751308441162	0.1736480521964301	0.25488688414343214	0.9512512971134593	-3.456515312194824	0.0	0.0	0.0	1.0
0.9659258611638695	-0.06698722958340586	-0.24999988361512746	-5.355361461639404	-1.2341002872395812e-09	0.9659258611638695	-0.25881891494795584	1.5246751308441162	0.25881891494795584	0.24999988361512746	0.9330127691824939	-3.456515312194824	0.0	0.0	0.0	1.0
0.939692672128569	-0.08852124279366158	-0.33036596604695195	-5.355361461639404	5.1052386762506785e-09	0.96592586720913	-0.2588188923867239	1.5246751308441162	0.34202000226283574	0.24321021489763997	0.9076734596877746	-3.456515312194824	0.0	0.0	0.0	1.0
0.9063078379710684	-0.10938156691800369	-0.40821780418150483	-5.355361461639404	-4.2216247858606337e-10	0.9659258639426289	-0.2588189045774776	1.5246751308441162	0.4226181525114689	0.23456960200598828	0.8754261813440039	-3.456515312194824	0.0	0.0	0.0	1.0
0.8660254476986581	-0.12940943223206636	-0.48296285860065175	-5.355361461639404	-6.237991651003583e-10	0.9659258638615247	-0.25881890488016385	1.5246751308441162	0.4999999239383331	0.2241437582729921	0.8365163786136645	-3.456515312194824	0.0	0.0	0.0	1.0
0.8191520943740033	-0.14845240793337294	-0.5540322453264492	-5.355361461639404	-5.304751735102364e-09	0.9659258612817682	-0.25881891450795047	1.5246751308441162	0.5735763648222296	0.21201205882179733	0.7912401914914704	-3.456515312194824	0.0	0.0	0.0	1.0
0.7660444922889373	-0.16636557227579635	-0.6208851199659494	-5.355361461639404	-3.326013714444187e-09	0.9659258619049587	-0.2588189121821726	1.5246751308441162	0.6427875510880595	0.19826680424243986	0.739942185918404	-3.456515312194824	0.0	0.0	0.0	1.0
0.707106894167771	-0.1830125781120414	-0.6830126180922226	-5.355361461639404	7.029348977893868e-09	0.9659258639325573	-0.25881890461506546	1.5246751308441162	0.7071066682053057	0.18301262699312948	0.6830128389281309	-3.456515312194824	0.0	0.0	0.0	1.0
0.6427877228958397	-0.19826676184067596	-0.7399420480305157	-5.355361461639404	3.6125784308449482e-09	0.9659258637473883	-0.25881890530612683	1.5246751308441162	0.7660443481250816	0.16636561211102055	0.6208852871606352	-3.456515312194824	0.0	0.0	0.0	1.0
0.5735764904662095	-0.21201203576753092	-0.7912401065884952	-5.355361461639404	-6.598075669161929e-09	0.9659258592176155	-0.2588189222114779	1.5246751308441162	0.8191520063971437	0.14845245428896847	0.5540323629817265	-3.456515312194824	0.0	0.0	0.0	1.0
0.5000001013000921	-0.2241437302483545	-0.8365162801107047	-5.355361461639404	8.14632143686378e-09	0.965925865456399	-0.25881889892800825	1.5246751308441162	0.8660253452987954	0.1294094688678519	0.4829630324025254	-3.456515312194824	0.0	0.0	0.0	1.0
0.4226182318953673	-0.23456959542369127	-0.8754261447845839	-5.355361461639404	-8.40528625867254e-09	0.9659258619907524	-0.2588189118619847	1.5246751308441162	0.9063078009537562	0.10938159827040222	0.4082178779649157	-3.456515312194824	0.0	0.0	0.0	1.0
0.3420201168504074	-0.2432102234521737	-0.9076734142178989	-5.355361461639404	1.0913669273859838e-09	0.9659258622756	-0.25881891079891917	1.5246751308441162	0.939692630422115	0.08852127312393678	0.33036607654976285	-3.456515312194824	0.0	0.0	0.0	1.0
0.2588190623978847	-0.24999986862112417	-0.9330127322973145	-5.355361461639404	2.3112585595397306e-09	0.9659258625613047	-0.25881890973265287	1.5246751308441162	0.9659258216547892	0.06698726539141432	0.25000002667179927	-3.456515312194824	0.0	0.0	0.0	1.0
0.1736483125581515	-0.2548868597012833	-0.9512512561344265	-5.355361461639404	3.232187628654515e-09	0.9659258635450844	-0.25881890606113506	1.5246751308441162	0.9848077292272365	0.044943463221040314	0.1677313970847214	-3.456515312194824	0.0	0.0	0.0	1.0
0.08715588788659312	-0.25783402536044187	-0.9622502099626328	-5.355361461639404	-3.073111376483695e-09	0.9659258616833547	-0.2588189130092098	1.5246751308441162	0.9961946853937235	0.02255759512226263	0.08418612531528258	-3.456515312194824	0.0	0.0	0.0	1.0
0.0871559049972842	-0.17298726023841238	-0.9810602713489689	-5.355361461639404	-1.6667959373828367e-09	0.9848077762131933	-0.17364804608755496	1.5246751308441162	0.9961946838967295	0.015134454242998238	0.08583181269588935	-3.456515312194824	0.0	0.0	0.0	1.0
0.08715588904805666	-0.08682395116020077	-0.9924038757024147	-5.355361461639404	3.318385566331017e-10	0.996194710087154	-0.08715560563940397	1.5246751308441162	0.9961946852921084	0.007596123965706199	0.08682423565142844	-3.456515312194824	0.0	0.0	0.0	1.0
0.08715588602615643	1.336001181998057e-07	-0.9961946855564818	-5.355361461639404	2.5097569021788178e-15	0.9999999999999909	1.341104508542068e-07	1.5246751308441162	0.9961946855564907	-1.1688517669772193e-08	0.08715588602615565	-3.456515312194824	0.0	0.0	0.0	1.0
0.08715588910556749	0.0868242203616027	-0.9924038521452938	-5.355361461639404	9.904092962420563e-10	0.9961946864349974	0.08715587598479689	1.5246751308441162	0.9961946852870769	-0.007596148845115558	0.08682423353249269	-3.456515312194824	0.0	0.0	0.0	1.0
0.08715590491363273	0.1729875179715435	-0.981060225911096	-5.355361461639404	7.070010549226069e-10	0.9848077306091008	0.17364830472121714	1.5246751308441162	0.9961946839040478	-0.015134475828306543	0.0858318088048749	-3.456515312194824	0.0	0.0	0.0	1.0
0.0871558877613155	0.25783427694829253	-0.9622501425612201	-5.355361461639404	2.117894998265868e-09	0.9659257940354811	0.25881916547451767	1.5246751308441162	0.996194685404684	-0.022557616174519166	0.08418611954465	-3.456515312194824	0.0	0.0	0.0	1.0
0.08715588482946685	0.34071873172154055	-0.9361167649356879	-5.355361461639404	-2.1801402350085652e-10	0.939692590631392	0.3420202261745109	1.5246751308441162	0.9961946856611879	-0.029809075237727273	0.08189973927845434	-3.456515312194824	0.0	0.0	0.0	1.0
0.08715590245157384	0.4210101670388171	-0.9028589523938939	-5.355361461639404	1.0655569288031685e-08	0.9063077392341827	0.4226183642534066	1.5246751308441162	0.9961946841194507	-0.036833694549589735	0.07899006442569784	-3.456515312194824	0.0	0.0	0.0	1.0
0.08715590245157384	0.4210101670388171	-0.9028589523938939	-5.15612268447876	1.0655569288031685e-08	0.9063077392341827	0.4226183642534066	1.5246751308441162	0.9961946841194507	-0.036833694549589735	0.07899006442569784	-3.4739465713500977	0.0	0.0	0.0	1.0
0.08715590245157384	0.4210101670388171	-0.9028589523938939	-4.956883907318115	1.0655569288031685e-08	0.9063077392341827	0.4226183642534066	1.5246751308441162	0.9961946841194507	-0.036833694549589735	0.07899006442569784	-3.491377830505371	0.0	0.0	0.0	1.0
0.08715590245157384	0.4210101670388171	-0.9028589523938939	-4.757645130157471	1.0655569288031685e-08	0.9063077392341827	0.4226183642534066	1.5246751308441162	0.9961946841194507	-0.036833694549589735	0.07899006442569784	-3.5088090896606445	0.0	0.0	0.0	1.0
0.08715590245157384	0.4210101670388171	-0.9028589523938939	-4.558406352996826	1.0655569288031685e-08	0.9063077392341827	0.4226183642534066	1.5246751308441162	0.9961946841194507	-0.036833694549589735	0.07899006442569784	-3.526240348815918	0.0	0.0	0.0	1.0
0.08715590245157384	0.4210101670388171	-0.9028589523938939	-4.359167575836182	1.0655569288031685e-08	0.9063077392341827	0.4226183642534066	1.5246751308441162	0.9961946841194507	-0.036833694549589735	0.07899006442569784	-3.5436716079711914	0.0	0.0	0.0	1.0
0.08715590245157384	0.4210101670388171	-0.9028589523938939	-4.159928798675537	1.0655569288031685e-08	0.9063077392341827	0.4226183642534066	1.5246751308441162	0.9961946841194507	-0.036833694549589735	0.07899006442569784	-3.561102867126465	0.0	0.0	0.0	1.0
0.08715590245157384	0.4210101670388171	-0.9028589523938939	-3.9606897830963135	1.0655569288031685e-08	0.9063077392341827	0.4226183642534066	1.5585496425628662	0.9961946841194507	-0.036833694549589735	0.07899006442569784	-3.5785341262817383	0.0	0.0	0.0	1.0
0.08715590245157384	0.4210101670388171	-0.9028589523938939	-3.76145076751709	1.0655569288031685e-08	0.9063077392341827	0.4226183642534066	1.5931456089019775	0.9961946841194507	-0.036833694549589735	0.07899006442569784	-3.5959653854370117	0.0	0.0	0.0	1.0
0.08715590245157384	0.4210101670388171	-0.9028589523938939	-3.562211751937866	1.0655569288031685e-08	0.9063077392341827	0.4226183642534066	1.6277414560317993	0.9961946841194507	-0.036833694549589735	0.07899006442569784	-3.613396644592285	0.0	0.0	0.0	1.0
0.08715590245157384	0.4210101670388171	-0.9028589523938939	-3.3629727363586426	1.0655569288031685e-08	0.9063077392341827	0.4226183642534066	1.693217396736145	0.9961946841194507	-0.036833694549589735	0.07899006442569784	-3.6308279037475586	0.0	0.0	0.0	1.0
0.08715590245157384	0.4210101670388171	-0.9028589523938939	-3.163733720779419	1.0655569288031685e-08	0.9063077392341827	0.4226183642534066	1.724675178527832	0.9961946841194507	-0.036833694549589735	0.07899006442569784	-3.648259162902832	0.0	0.0	0.0	1.0
1.7371343102867698e-07	0.4226183507625919	-0.9063077455250375	-3.163733720779419	4.658800456525114e-09	0.9063077455250508	0.422618350762599	1.724675178527832	0.9999999999999847	-7.763679066297158e-08	1.554689334493098e-07	-3.648259162902832	0.0	0.0	0.0	1.0
-0.08715555667617808	0.42101018019197334	-0.9028589796392277	-3.163733720779419	-1.3468389181703344e-09	0.9063077394059467	0.42261836388505675	1.724675178527832	0.9961947143708729	0.036833539981983354	-0.078989754980821	-3.648259162902832	0.0	0.0	0.0	1.0
-0.1736480055267663	0.4161978583618757	-0.8925389139256418	-3.163733720779419	7.870281065747164e-09	0.9063077379967056	0.42261836690718374	1.724675178527832	0.984807783365148	0.0733868294878795	-0.1573785343721973	-3.648259162902832	0.0	0.0	0.0	1.0
-0.2588188104070012	0.40821801730916385	-0.8754261098023522	-3.163733720779419	-1.9851629035061436e-08	0.9063077379344171	0.42261836704076106	1.724675178527832	0.9659258891755126	0.10938160039227351	-0.2345694824910533	-3.648259162902832	0.0	0.0	0.0	1.0
-0.34201993964376315	0.3971313663829315	-0.8516507727471998	-3.163733720779419	-1.1328651128295064e-08	0.9063077490265963	0.42261834325351305	1.724675178527832	0.9396926949200344	0.14454390989996818	-0.30997531712178855	-3.648259162902832	0.0	0.0	0.0	1.0
-0.4226180816993048	0.38302235102948845	-0.821393837104128	-3.163733720779419	1.6117152973338378e-08	0.9063077418541223	0.42261835863492847	1.724675178527832	0.906307870991309	0.17860614677867223	-0.38302204546484786	-3.648259162902832	0.0	0.0	0.0	1.0
-0.49999976035139054	0.36599827982854927	-0.7848856597053454	-3.163733720779419	-3.736665532549921e-09	0.9063077481192932	0.42261834519923036	1.724675178527832	0.8660255421455837	0.2113090742525716	-0.4531536554966417	-3.648259162902832	0.0	0.0	0.0	1.0
-0.5735761661581444	0.34618877819742466	-0.7424040082498875	-3.163733720779419	1.3824405509232918e-10	0.9063077385865366	0.42261836564228716	1.724675178527832	0.8191522334800319	0.24240382181049094	-0.519836518105782	-3.648259162902832	0.0	0.0	0.0	1.0
-0.6427873335706319	0.3237445404564204	-0.6942722206208585	-3.163733720779419	6.895715304322536e-09	0.9063077459136887	0.4226183499291629	1.724675178527832	0.766044674807649	0.27165371748148337	-0.58256314162272	-3.648259162902832	0.0	0.0	0.0	1.0
-0.707106511283948	0.2988364195747558	-0.6408565955310007	-3.163733720779419	7.767639059741427e-09	0.9063077462814765	0.42261834914044033	1.724675178527832	0.7071070510890441	0.29883618148733543	-0.6408561109439656	-3.648259162902832	0.0	0.0	0.0	1.0
-0.7660441240750185	0.2716540010589489	-0.5825637335766812	-3.163733720779419	-6.251560186187888e-09	0.9063077417423965	0.4226183588745258	1.724675178527832	0.6427879899081327	0.3237443141839902	-0.6942717184672008	-3.648259162902832	0.0	0.0	0.0	1.0
-0.8191517789382127	0.24240408760228577	-0.5198371104260116	-3.163733720779419	4.573655038031532e-09	0.9063077483831964	0.42261834463328857	1.724675178527832	0.5735768153110461	0.3461885664407253	-0.7424036054622539	-3.648259162902832	0.0	0.0	0.0	1.0
-0.8660251852173478	0.21130934200040907	-0.4531542127715604	-3.163733720779419	3.663160372258112e-09	0.9063077420243008	0.4226183582699807	1.724675178527832	0.5000003785691152	0.36599814033703487	-0.7848853309245715	-3.648259162902832	0.0	0.0	0.0	1.0
-0.8660251852173478	0.21130934200040907	-0.4531542127715604	-3.0637335777282715	3.663160372258112e-09	0.9063077420243008	0.4226183582699807	1.724675178527832	0.5000003785691152	0.36599814033703487	-0.7848853309245715	-3.4750540256500244	0.0	0.0	0.0	1.0
-0.8660251852173478	0.21130934200040907	-0.4531542127715604	-2.963733434677124	3.663160372258112e-09	0.9063077420243008	0.4226183582699807	1.724675178527832	0.5000003785691152	0.36599814033703487	-0.7848853309245715	-3.301848888397217	0.0	0.0	0.0	1.0
-0.8660251852173478	0.21130934200040907	-0.4531542127715604	-2.8637332916259766	3.663160372258112e-09	0.9063077420243008	0.4226183582699807	1.724675178527832	0.5000003785691152	0.36599814033703487	-0.7848853309245715	-3.128643751144409	0.0	0.0	0.0	1.0
-0.8660251852173478	0.21130934200040907	-0.4531542127715604	-2.763733148574829	3.663160372258112e-09	0.9063077420243008	0.4226183582699807	1.724675178527832	0.5000003785691152	0.36599814033703487	-0.7848853309245715	-2.9554386138916016	0.0	0.0	0.0	1.0
-0.8660251852173478	0.21130934200040907	-0.4531542127715604	-2.6637330055236816	3.663160372258112e-09	0.9063077420243008	0.4226183582699807	1.724675178527832	0.5000003785691152	0.36599814033703487	-0.7848853309245715	-2.782233476638794	0.0	0.0	0.0	1.0
-0.8660251852173478	0.21130934200040907	-0.4531542127715604	-2.563732862472534	3.663160372258112e-09	0.9063077420243008	0.4226183582699807	1.724675178527832	0.5000003785691152	0.36599814033703487	-0.7848853309245715	-2.6090283393859863	0.0	0.0	0.0	1.0
-0.8660251852173478	0.21130934200040907	-0.4531542127715604	-2.4637327194213867	3.663160372258112e-09	0.9063077420243008	0.4226183582699807	1.724675178527832	0.5000003785691152	0.36599814033703487	-0.7848853309245715	-2.4358232021331787	0.0	0.0	0.0	1.0
-0.8660251852173478	0.21130934200040907	-0.4531542127715604	-2.3637325763702393	3.663160372258112e-09	0.9063077420243008	0.4226183582699807	1.724675178527832	0.5000003785691152	0.36599814033703487	-0.7848853309245715	-2.262618064880371	0.0	0.0	0.0	1.0
-0.866025178051606	0.17101026515305282	-0.4698466560410607	-2.3637325763702393	1.0455493415495454e-09	0.9396925778984941	0.342020261157848	1.724675178527832	0.5000003909805314	0.2961981570752342	-0.8137974322671158	-2.262618064880371	0.0	0.0	0.0	1.0
-0.8660251706757565	0.12940969930056767	-0.48296328378352255	-2.3637325763702393	1.5911366807452865e-09	0.9659257882839305	0.2588191869395839	1.724675178527832	0.5000004037558636	0.22414392977505307	-0.8365160458646141	-2.262618064880371	0.0	0.0	0.0	1.0
-0.8660251634312061	0.08682424243046152	-0.4924042721487392	-2.3637325763702393	-5.601278815769994e-10	0.9848077241706542	0.17364834123543202	1.724675178527832	0.5000004163037799	0.15038383337378217	-0.8528682702245721	-2.262618064880371	0.0	0.0	0.0	1.0
-0.8660251799117487	0.04357798628732013	-0.4980977282320868	-2.3637325763702393	4.0961900538150076e-11	0.9961946839040992	0.08715590491304606	1.724675178527832	0.5000003877586733	0.07547920821228893	-0.86272968035696	-2.262618064880371	0.0	0.0	0.0	1.0
-0.8660251713943232	8.195645214474114e-08	-0.5000004025112641	-2.3637325763702393	-1.317669744623199e-15	0.9999999999999865	1.639127746182742e-07	1.724675178527832	0.5000004025112708	1.4195258939134539e-07	-0.8660251713943117	-2.262618064880371	0.0	0.0	0.0	1.0
-0.8660251798690833	-0.043577823190601675	-0.4980977425753811	-2.3637325763702393	-1.995349253880452e-09	0.9961947127384615	-0.08715557533476742	1.724675178527832	0.5000003878325715	-0.07547892181200644	-0.862729705370909	-2.262618064880371	0.0	0.0	0.0	1.0
-0.8660251635083943	-0.08682408175569048	-0.49240430034428007	-2.3637325763702393	2.324663593566978e-09	0.9848077802943013	-0.17364802294241963	1.724675178527832	0.5000004161700856	-0.15038355860629274	-0.8528683187518743	-2.262618064880371	0.0	0.0	0.0	1.0
-0.8191517800383472	-0.09960047205100522	-0.5648629101182202	-2.3637325763702393	-2.0648235204978604e-10	0.984807782700482	-0.1736480092962781	1.724675178527832	0.5735768137398928	-0.14224407579852744	-0.8067070482152834	-2.262618064880371	0.0	0.0	0.0	1.0
-0.7660441894397534	-0.11161884748843028	-0.6330225372851633	-2.3637325763702393	-2.4385001518023586e-09	0.984807781513068	-0.17364801603044594	1.724675178527832	0.6427879120095458	-0.13302205214423868	-0.7544062790153223	-2.262618064880371	0.0	0.0	0.0	1.0
-0.7071064887591636	-0.12278774325240148	-0.6963645479644041	-2.3637325763702393	-5.113244008758677e-09	0.9848077817031851	-0.1736480149522357	1.724675178527832	0.7071070736138103	-0.12278763457219229	-0.6963639732506839	-2.262618064880371	0.0	0.0	0.0	1.0
-0.6427872828152539	-0.1330221466462923	-0.7544067984533245	-2.3637325763702393	-4.07187519813057e-10	0.9848077812778164	-0.17364801736462293	1.724675178527832	0.7660447173964342	-0.11161873694087698	-0.6330219178770515	-2.262618064880371	0.0	0.0	0.0	1.0
-0.5735760287988141	-0.14224418303014408	-0.8067075874078965	-2.3637325763702393	2.0798306965552626e-09	0.9848077799346469	-0.17364802498212328	1.724675178527832	0.8191523296599857	-0.09960034625581876	-0.5648621352492473	-2.262618064880371	0.0	0.0	0.0	1.0
-0.499999564656871	-0.1503836378203144	-0.8528688039897275	-2.3637325763702393	-4.450298712876943e-09	0.9848077817606061	-0.17364801462658558	1.724675178527832	0.8660256551297657	-0.08682392792130178	-0.49240346282025393	-2.262618064880371	0.0	0.0	0.0	1.0
-0.4226177359416148	-0.1573785879425544	-0.8925392032425193	-2.3637325763702393	7.155170400618971e-09	0.984807781666192	-0.17364801516203388	1.724675178527832	0.9063080322206042	-0.07338673740480402	-0.41619723389937935	-2.262618064880371	0.0	0.0	0.0	1.0
-0.34201966104542814	-0.16317579286652845	-0.925416777501224	-2.3637325763702393	1.94577148837638e-09	0.9848077808070429	-0.17364802003451374	1.724675178527832	0.9396927963214202	-0.059391038754063694	-0.33682362306902236	-2.262618064880371	0.0	0.0	0.0	1.0
-0.25881866277318205	-0.16773112670315038	-0.9512513700043715	-2.3637325763702393	-5.459310226108016e-09	0.9848077807546489	-0.17364802033165627	1.724675178527832	0.9659259287338248	-0.04494334322227325	-0.2548866338192394	-2.262618064880371	0.0	0.0	0.0	1.0
-0.17364770903857868	-0.17100993151497118	-0.9698464190112258	-2.3637325763702393	-2.5869349301599343e-09	0.9848077807535907	-0.1736480203376589	1.724675178527832	0.9848078356439155	-0.030153578401789394	-0.17100961541361942	-2.262618064880371	0.0	0.0	0.0	1.0
-0.08715531140492311	-0.17298723648076836	-0.9810603282717416	-2.3637325763702393	-3.166786471942018e-09	0.9848077820879231	-0.1736480127702757	1.724675178527832	0.9961947358292507	-0.015134343521030866	-0.0858312294696782	-2.262618064880371	0.0	0.0	0.0	1.0
4.2307882164305255e-07	-0.1736480165799606	-0.9848077814160826	-2.3637325763702393	-4.794387109541276e-12	0.9848077814161708	-0.17364801657997614	1.724675178527832	0.9999999999999104	7.347151978476241e-08	4.1665048322592213e-07	-2.262618064880371	0.0	0.0	0.0	1.0
0.08715615397740634	-0.1729872286180061	-0.9810602548054468	-2.3637325763702393	-1.8571785498355808e-09	0.9848077811376066	-0.17364801815979264	1.724675178527832	0.9961946621137188	0.015134495230610417	0.08583205828970902	-2.262618064880371	0.0	0.0	0.0	1.0
0.17364853958128273	-0.17100991078234518	-0.9698462739607251	-2.3637325763702393	-2.193531245531233e-09	0.984807779766125	-0.17364802593785905	1.724675178527832	0.9848076891968743	0.030153728232670055	0.17101043234955754	-2.262618064880371	0.0	0.0	0.0	1.0
0.17364855093608417	-0.0858314827126084	-0.9810602108602474	-2.3637325763702393	3.2964380530797754e-10	0.9961947125533201	-0.08715557745094428	1.724675178527832	0.9848076871947121	0.015134439406953706	0.17298776831336676	-2.262618064880371	0.0	0.0	0.0	1.0
0.17364853860598545	1.614225573253304e-07	-0.9848076893688329	-2.3637325763702393	2.0411525868366354e-15	0.9999999999999867	1.6391277141959337e-07	1.724675178527832	0.9848076893688462	-2.84632152260121e-08	0.17364853860598312	-2.262618064880371	0.0	0.0	0.0	1.0
0.17364855106587407	0.08583180381703034	-0.9810601827442785	-2.3637325763702393	2.688884136181624e-09	0.9961946839803767	0.0871559040411904	1.724675178527832	0.9848076871718267	-0.015134499091546239	0.172987763221927	-2.262618064880371	0.0	0.0	0.0	1.0
